0.026829
0.030943
0.027481
0.027141
0.029619
0.026352
0.028322
0.026587
0.025057
0.027401
0.027595
0.029726
0.02735
0.028093
0.025747
0.031865
0.027572
0.027535
0.028856
0.036281
0.031305
0.038996
0.030214
0.028408
0.026439
0.029492
0.033265
0.026346
0.026556
0.026004
0.027177
0.029228
0.035502
0.027741
0.027475
0.028812
0.02646
0.029141
0.027843
0.026535
0.02843
0.039188
0.028341
0.028827
0.028085
0.027642
0.027051
0.032052
0.026666
0.029503
0.028542
0.026182
0.024054
0.027313
0.027307
0.026187
0.026832
0.028046
0.025593
0.025238
0.02794
0.029018
0.026865
0.026434
0.026752
0.025044
0.028964
0.026238
0.03791
0.026078
0.027983
0.028315
0.025768
0.029877
0.030658
0.026167
0.027242
0.028364
0.026719
0.026838
0.039655
0.026455
0.026419
0.02503
0.025842
0.029882
0.025097
0.02778
0.029405
0.028043
0.030894
0.028153
0.027525
0.028084
0.026945
0.027529
0.031259
0.026559
0.02748
0.027403
