With beta=0:    10
allSamples =

    1.0000    5.0000   50.0000    0.2778
    1.0000    5.0000   50.0000    0.4333
    1.0000    5.0000   50.0000    0.5111
    1.0000   10.0000   25.0000    0.2000
    1.0000   10.0000   25.0000    0.3556
    1.0000   20.0000    5.0000    0.6667
    2.0000    5.0000   50.0000    0.2778
    2.0000   10.0000   50.0000    0.2000
    3.0000    5.0000   50.0000    0.2000
    3.0000    5.0000   50.0000    0.2778
    3.0000    5.0000   50.0000    0.4333
    3.0000   10.0000   20.0000    0.5111
    4.0000    5.0000   50.0000    0.2000
    4.0000    5.0000   50.0000    0.4333
    5.0000    5.0000   50.0000    0.2778
    5.0000    5.0000   50.0000    0.3556
    5.0000    5.0000   50.0000    0.4333
    6.0000    5.0000   50.0000    0.2000
    6.0000    5.0000   50.0000    0.3556
    6.0000   10.0000   20.0000    0.5889
    7.0000    5.0000   50.0000    0.4333
    7.0000    5.0000   50.0000    0.5111
    7.0000   10.0000   50.0000    0.2778
    8.0000    5.0000   25.0000    0.6667
    8.0000    5.0000   50.0000    0.2778
    8.0000    5.0000   50.0000    0.3556
    9.0000   10.0000   50.0000    0.2000
   10.0000    5.0000   25.0000    0.6667
   10.0000    5.0000   50.0000    0.5889
   10.0000    5.0000   50.0000    0.6667
   10.0000    5.0000   50.0000    0.7444
   
   
with beta=0.1 :     8

allSamples =

    1.0000    5.0000   50.0000    0.2778
    1.0000    5.0000   50.0000    0.3556
    1.0000   10.0000   50.0000    0.2000
    1.0000   10.0000   50.0000    0.2778
    3.0000    5.0000   50.0000    0.2000
    3.0000    5.0000   50.0000    0.5111
    4.0000    5.0000   50.0000    0.2778
    4.0000    5.0000   50.0000    0.3556
    4.0000   10.0000   20.0000    0.5889
    4.0000   10.0000   50.0000    0.2000
    6.0000    5.0000   50.0000    0.2778
    6.0000   10.0000   25.0000    0.2778
    7.0000    5.0000   50.0000    0.2778
    8.0000   10.0000   25.0000    0.2000
    8.0000   20.0000    5.0000    0.4333
    9.0000    5.0000   50.0000    0.3556
    9.0000   10.0000   25.0000    0.4333
    9.0000   10.0000   50.0000    0.2000
   10.0000    5.0000   50.0000    0.6667
   
   
   
with beta=0.3    :      7

allSamples =

    2.0000   10.0000   25.0000    0.4333
    2.0000   10.0000   50.0000    0.2778
    3.0000   10.0000   50.0000    0.2778
    4.0000   10.0000   25.0000    0.3556
    4.0000   20.0000    5.0000    0.2778
    5.0000    5.0000   25.0000    0.6667
    5.0000   30.0000    5.0000    0.2000
    7.0000   20.0000   10.0000    0.2778
    9.0000   10.0000   50.0000    0.3556
   10.0000   10.0000   50.0000    0.2778
   
   
   
With beta=0.5   :8    

allSamples =

    1.0000    5.0000   50.0000    0.5889
    1.0000   10.0000   20.0000    0.4333
    1.0000   10.0000   25.0000    0.3556
    2.0000   10.0000   20.0000    0.4333
    3.0000   10.0000   10.0000    0.4333
    3.0000   10.0000   20.0000    0.3556
    3.0000   10.0000   20.0000    0.4333
    4.0000    5.0000   50.0000    0.5889
    5.0000    5.0000   50.0000    0.5889
    5.0000   20.0000    5.0000    0.2778
    6.0000   10.0000   25.0000    0.4333
    7.0000    5.0000   25.0000    0.6667
    9.0000   10.0000   20.0000    0.3556
    
    
    
With beta=1.0   :5    

allSamples =

    1.0000    5.0000   20.0000    0.6667
    4.0000    5.0000   25.0000    0.5889
    4.0000   10.0000   20.0000    0.3556
    5.0000   10.0000   25.0000    0.4333
    5.0000   20.0000   10.0000    0.2778
    7.0000    5.0000   10.0000    0.7444
   10.0000   20.0000   10.0000    0.2778
   
   

#--------------------------------
#With d=n=1000
#--------------------------------

With beta=0: All K=10

bestConfig =
    <Sample><edgeThresh><S>      <Gamma>   
    1.0000    5.0000  200.0000    0.7000
    1.0000    5.0000  200.0000    0.9000
    1.0000   10.0000  200.0000    0.7000
    1.0000   10.0000  200.0000    0.9000
    1.0000   20.0000  100.0000    0.3000
    1.0000   20.0000  100.0000    0.5000
    1.0000   20.0000  200.0000    0.7000
    1.0000   20.0000  200.0000    0.9000
    1.0000   30.0000   75.0000    0.3000
    1.0000   30.0000   75.0000    0.4000
    1.0000   30.0000  100.0000    0.2000
    1.0000   30.0000  100.0000    0.3000
    1.0000   30.0000  100.0000    0.5000
    1.0000   30.0000  200.0000    0.7000
    1.0000   40.0000   75.0000    0.3000
    1.0000   40.0000   75.0000    0.4000
    1.0000   40.0000  100.0000    0.2000
    1.0000   40.0000  100.0000    0.3000
    1.0000   40.0000  100.0000    0.5000
    1.0000   40.0000  200.0000    0.7000

   
With beta=0.05: 
bestConfig =
    <Sample><edgeThresh><S>      <Gamma>  <Tolerance><K>
    1.0000   20.0000   50.0000    0.9000   10.0000    9.0000
    1.0000   20.0000  150.0000    0.7000   10.0000   10.0000
    1.0000   30.0000  100.0000    0.7000   15.0000    9.0000


With beta=0.1: 
bestConfig =
    <Sample><edgeThresh><S>      <Gamma>  <Tolerance><K>                
    1.0000   20.0000  150.0000    0.7000   15.0000   10.0000
    1.0000   20.0000  150.0000    0.7000   20.0000   10.0000


With beta=0.2: 
bestConfig =
    <Sample><edgeThresh><S>      <Gamma>  <Tolerance><K>                
    1.0000   50.0000  150.0000    0.5000   4.0000   11.0000
    1.0000   50.0000  150.0000    0.5000   8.0000   11.0000
    1.0000   50.0000  150.0000    0.5000   10.0000   11.0000
    1.0000   50.0000  150.0000    0.5000   13.0000   11.0000






#--------------------------------
#With d=2000, n=2000, k=10, c=20
#--------------------------------
With beta=0



#--------------------------------
#With d=4096, n=165, k=15
#--------------------------------
beta=0
bestConfig =

    1.0000    5.0000   75.0000    0.2000
    1.0000    5.0000  100.0000    0.2000
    1.0000    5.0000  100.0000    0.3000
    1.0000    5.0000  100.0000    0.4000
    1.0000    5.0000  150.0000    0.2000
    1.0000    5.0000  150.0000    0.3000
    1.0000    5.0000  150.0000    0.6000
    1.0000   10.0000   50.0000    0.1000
    1.0000   10.0000   75.0000    0.1000
    1.0000   10.0000   75.0000    0.2000
    1.0000   10.0000  100.0000    0.1000
    1.0000   10.0000  100.0000    0.2000
    1.0000   10.0000  150.0000    0.1000
    1.0000   10.0000  150.0000    0.2000
    
    

#-------------------------------------------------------
#With Multinomial noise: n=d=1000, k=10, c=20, m=1000
#-------------------------------------------------------


bestConfig =
    <Sample> <edgeT>   <S>       <Gamma> <Tolerance> <recoveredK>
    1.0000   30.0000   20.0000    0.5000   50.0000    9.0000
    1.0000   50.0000  200.0000    0.3000  100.0000    9.0000
    1.0000   50.0000  200.0000    0.3000   50.0000    9.0000
    1.0000   50.0000  200.0000    0.3000   10.0000    9.0000
    1.0000   75.0000   20.0000    0.3000   50.0000   10.0000
    1.0000   75.0000   40.0000    0.3000   50.0000   10.0000
    1.0000   75.0000  100.0000    0.3000  200.0000   10.0000
    1.0000   75.0000  100.0000    0.3000  100.0000   10.0000
    1.0000   75.0000  100.0000    0.3000   20.0000   10.0000
    1.0000   75.0000  100.0000    0.3000   10.0000   10.0000
    1.0000   75.0000  100.0000    0.3000    4.0000   10.0000
    1.0000  100.0000   40.0000    0.3000  200.0000    9.0000
    1.0000  100.0000   40.0000    0.3000  100.0000    9.0000

Interesting: With edgeThreshold=75, s=100,  gamma=0.3, tolerance=anyval is the best config. Does it say pruning doesn't matter?


#-------------------------------------------------------
#With Multinomial noise: n=d=1000, k=10, c=20,  m=200
#-------------------------------------------------------
Trying with a smaller set of parameters based on the above result.

bestConfig =
    <Sample> <S>       <Gamma>  <Tolerance><edgeT>  <recoveredK> <Pruned>
    1.0000   60.0000    0.3000   25.0000   20.0000   10.0000  522.0000
    1.0000   60.0000    0.3000   22.2222   20.0000   10.0000  521.0000
    1.0000   60.0000    0.3000   20.0000   20.0000   10.0000  511.0000
    1.0000   60.0000    0.5000  100.0000   10.0000   10.0000  129.0000
    1.0000   60.0000    0.5000   66.6667   10.0000   10.0000  129.0000
    1.0000   60.0000    0.5000   50.0000   10.0000   10.0000  129.0000
    1.0000   60.0000    0.5000   40.0000   10.0000   10.0000  132.0000
    1.0000   80.0000    0.3000  100.0000   20.0000   10.0000  345.0000
    1.0000   80.0000    0.3000   66.6667   20.0000   10.0000  346.0000
    1.0000   80.0000    0.3000   50.0000   20.0000   10.0000  353.0000
    1.0000   80.0000    0.3000   40.0000   20.0000   10.0000  376.0000
    1.0000   80.0000    0.3000   28.5714   20.0000   10.0000  471.0000
    1.0000   80.0000    0.3000   25.0000   20.0000   10.0000  484.0000
    1.0000   80.0000    0.3000   22.2222   20.0000   10.0000  477.0000
    1.0000   80.0000    0.3000   20.0000   20.0000   10.0000  472.0000    
#-------------------------------------------------------
#With Multinomial noise: n=d=1000, k=10, c=20,  m=50
#-------------------------------------------------------

bestConfig =
    <Sample> <S>       <Gamma>  <Tolerance><edgeT>  <recoveredK>
    1.0000   15.0000    0.1000   66.0000   20.0000    9.0000
    1.0000   15.0000    0.1000   66.0000   30.0000    9.0000
    1.0000   15.0000    0.1000   66.0000   50.0000   10.0000
    1.0000   15.0000    0.1000   50.0000   20.0000    9.0000
    1.0000   15.0000    0.1000   50.0000   30.0000    9.0000
    1.0000   15.0000    0.1000   50.0000   50.0000   10.0000
    1.0000   15.0000    0.1000   30.0000   20.0000    9.0000
    1.0000   15.0000    0.1000   30.0000   30.0000    9.0000
    1.0000   15.0000    0.1000   30.0000   50.0000   10.0000
    1.0000   30.0000    0.1000   66.0000   10.0000    9.0000
    1.0000   30.0000    0.1000   50.0000   10.0000    9.0000
    1.0000   30.0000    0.1000   30.0000   10.0000    9.0000
    
#-------------------------------------------------------
#With Multinomial noise: n=d=1000, k=10, c=20,  m=20
#-------------------------------------------------------
    
bestConfig =
    <Sample> <S>       <Gamma>  <Tolerance><edgeT>  <recoveredK>
    1.0000   20.0000    0.3000   30.0000   10.0000    9.0000
    1.0000   20.0000    0.3000   20.0000   10.0000    9.0000
    1.0000   20.0000    0.3000   10.0000   10.0000    9.0000
    1.0000   30.0000    0.3000   30.0000   10.0000   11.0000
    1.0000   30.0000    0.3000   20.0000   10.0000   11.0000
    1.0000   30.0000    0.3000   10.0000   10.0000   11.0000
    1.0000   30.0000    0.5000   30.0000   10.0000   10.0000
    1.0000   30.0000    0.5000   20.0000   10.0000   10.0000
    1.0000   30.0000    0.5000   10.0000   10.0000   10.0000
    1.0000   30.0000    0.7000   30.0000   10.0000    9.0000
    1.0000   30.0000    0.7000   20.0000   10.0000    9.0000
    1.0000   30.0000    0.7000   10.0000   10.0000    9.0000
    1.0000   30.0000    0.9000   30.0000   10.0000    9.0000
    1.0000   30.0000    0.9000   20.0000   10.0000    9.0000
    1.0000   30.0000    0.9000   10.0000   10.0000    9.0000
    
    
    
#-------------------------------------------------------
#With Multinomial noise: n=d=500, k=10, c=10,  m=50
#-------------------------------------------------------
    

#---------------------------------------------------------------------------------
#With Gaussian noise (element wise): n=d=1000, k=10, c=20,  beta=0
#---------------------------------------------------------------------------------
    1.0000  100.0000    0.5000   20.0000   30.0000   10.0000  741.0000
    1.0000  110.0000    0.5000   18.1818   27.2727   10.0000  680.0000
    1.0000  120.0000    0.5000   16.6667   25.0000   10.0000  695.0000
    1.0000  130.0000    0.5000   15.3846   23.0769   10.0000  716.0000
    1.0000  140.0000    0.5000   14.2857   21.4286   10.0000  716.0000
    1.0000  150.0000    0.5000   13.3333   20.0000   10.0000  725.0000
    2.0000  110.0000    0.5000   18.1818   27.2727   10.0000  703.0000
    2.0000  120.0000    0.5000   16.6667   25.0000   10.0000  731.0000
    3.0000  100.0000    0.5000   20.0000   30.0000   10.0000  746.0000
    3.0000  110.0000    0.5000   18.1818   27.2727   10.0000  705.0000
    3.0000  120.0000    0.5000   16.6667   25.0000   10.0000  723.0000
    3.0000  130.0000    0.5000   15.3846   23.0769   10.0000  729.0000
    3.0000  140.0000    0.5000   14.2857   21.4286   10.0000  729.0000
    3.0000  150.0000    0.5000   13.3333   20.0000   10.0000  738.0000
    4.0000  110.0000    0.5000   18.1818   27.2727   10.0000  694.0000
    4.0000  120.0000    0.5000   16.6667   25.0000   10.0000  706.0000
    4.0000  130.0000    0.5000   15.3846   23.0769   10.0000  726.0000
    4.0000  140.0000    0.5000   14.2857   21.4286   10.0000  726.0000
    5.0000  100.0000    0.5000   20.0000   30.0000   10.0000  738.0000
    5.0000  110.0000    0.5000   18.1818   27.2727   10.0000  690.0000
    5.0000  120.0000    0.5000   16.6667   25.0000   10.0000  689.0000
    5.0000  130.0000    0.5000   15.3846   23.0769   10.0000  719.0000
    5.0000  140.0000    0.5000   14.2857   21.4286   10.0000  719.0000

Best s = 100 to 130; lc is non-zero when noise is zero.

#--------------------------------------------------------------------
#With Gaussian noise (element wise): n=d=1000, k=10, c=20,  beta=0.01, tolerance=2*n/s, 
#--------------------------------------------------------------------

bestConfig =

    1.0000  110.0000    0.5000   18.1818   27.2727    8.0000         0
    1.0000  130.0000    0.5000   15.3846   23.0769    8.0000         0
    2.0000  110.0000    0.5000   18.1818   27.2727    8.0000         0
    3.0000  110.0000    0.5000   18.1818   27.2727    7.0000         0
    4.0000  100.0000    0.5000   20.0000   30.0000   12.0000         0
    5.0000  100.0000    0.5000   20.0000   30.0000   10.0000         0
    5.0000  120.0000    0.5000   16.6667   25.0000    8.0000         0
    6.0000  110.0000    0.5000   18.1818   27.2727   10.0000         0
    7.0000  100.0000    0.5000   20.0000   30.0000    9.0000         0
    7.0000  130.0000    0.5000   15.3846   23.0769    7.0000         0
    8.0000  100.0000    0.5000   20.0000   30.0000   11.0000         0
    8.0000  110.0000    0.5000   18.1818   27.2727    7.0000         0
    9.0000  100.0000    0.5000   20.0000   30.0000   11.0000         0
    9.0000  120.0000    0.5000   16.6667   25.0000    8.0000         0
    9.0000  130.0000    0.5000   15.3846   23.0769    9.0000         0
   10.0000  100.0000    0.5000   20.0000   30.0000    7.0000         0

Best s = 100 to 110;

#--------------------------------------------------------------------
#With Gaussian noise (element wise): n=d=1000, k=10, c=20,  beta=0.02, 
#--------------------------------------------------------------------

    1.0000  200.0000    0.5000   10.0000   15.0000    7.0000         0
    1.0000  200.0000    0.5000   10.0000   15.0000    7.0000         0
    2.0000  150.0000    0.5000   13.3333   20.0000   28.0000         0
    2.0000  150.0000    0.5000   13.3333   20.0000   28.0000         0
    2.0000  200.0000    0.5000   10.0000   15.0000    6.0000         0
    2.0000  200.0000    0.5000   10.0000   15.0000    6.0000         0
    3.0000  150.0000    0.5000   13.3333   20.0000   18.0000         0
    3.0000  150.0000    0.5000   13.3333   20.0000   18.0000         0
    3.0000  200.0000    0.5000   10.0000   15.0000    2.0000         0
    3.0000  200.0000    0.5000   10.0000   15.0000    2.0000         0
    4.0000  150.0000    0.5000   13.3333   20.0000   29.0000         0
    4.0000  150.0000    0.5000   13.3333   20.0000   29.0000         0
    4.0000  200.0000    0.5000   10.0000   15.0000    8.0000         0
    4.0000  200.0000    0.5000   10.0000   15.0000    8.0000         0
    5.0000  150.0000    0.5000   13.3333   20.0000   21.0000         0
    5.0000  150.0000    0.5000   13.3333   20.0000   21.0000         0
    5.0000  200.0000    0.5000   10.0000   15.0000    5.0000         0
    5.0000  200.0000    0.5000   10.0000   15.0000    5.0000         0
    6.0000  150.0000    0.5000   13.3333   20.0000   21.0000         0
    6.0000  150.0000    0.5000   13.3333   20.0000   21.0000         0
    6.0000  200.0000    0.5000   10.0000   15.0000    5.0000         0
    6.0000  200.0000    0.5000   10.0000   15.0000    5.0000         0
    7.0000  150.0000    0.5000   13.3333   20.0000   27.0000         0
    7.0000  150.0000    0.5000   13.3333   20.0000   27.0000         0
    8.0000  200.0000    0.5000   10.0000   15.0000    8.0000         0
    8.0000  200.0000    0.5000   10.0000   15.0000    8.0000         0
    9.0000  200.0000    0.5000   10.0000   15.0000   10.0000         0
    9.0000  200.0000    0.5000   10.0000   15.0000   10.0000         0
   10.0000  150.0000    0.5000   13.3333   20.0000   20.0000         0
   10.0000  150.0000    0.5000   13.3333   20.0000   20.0000         0
   10.0000  200.0000    0.5000   10.0000   15.0000    7.0000         0
   10.0000  200.0000    0.5000   10.0000   15.0000    7.0000         0


bestConfig =

    1.0000  180.0000    0.5000   11.1111   16.6667   12.0000         0
    1.0000  185.0000    0.5000   10.8108   16.2162   12.0000         0
    1.0000  190.0000    0.5000   10.5263   15.7895   12.0000         0
    3.0000  180.0000    0.5000   11.1111   16.6667   11.0000         0
    3.0000  185.0000    0.5000   10.8108   16.2162   11.0000         0
    5.0000  180.0000    0.5000   11.1111   16.6667   11.0000         0
    5.0000  185.0000    0.5000   10.8108   16.2162   11.0000         0
    7.0000  180.0000    0.5000   11.1111   16.6667   13.0000         0
    7.0000  185.0000    0.5000   10.8108   16.2162   13.0000         0
    7.0000  190.0000    0.5000   10.5263   15.7895   13.0000         0
    8.0000  180.0000    0.5000   11.1111   16.6667   10.0000         0
    8.0000  185.0000    0.5000   10.8108   16.2162   10.0000         0
    9.0000  180.0000    0.5000   11.1111   16.6667   12.0000         0
    9.0000  185.0000    0.5000   10.8108   16.2162   12.0000         0
    9.0000  190.0000    0.5000   10.5263   15.7895   12.0000         0
   10.0000  180.0000    0.5000   11.1111   16.6667    7.0000         0
   10.0000  185.0000    0.5000   10.8108   16.2162    7.0000         0
   10.0000  190.0000    0.5000   10.5263   15.7895    7.0000         0


Best s = 180 to 185;


#---------------------------------------------------------------------------------
#With Gaussian noise (element wise): n=d=1000, k=10, c=20,  beta=0.01, Reducing tolerance to n/s, 0.5*n/s or 0.35*n/s doesn't increase the lc.
#---------------------------------------------------------------------------------



#---------------------------------------------------------------------------------
#With Gaussian noise (element wise): n=d=1000, k=10, c=20,  beta=0.05
#---------------------------------------------------------------------------------


Best s = 235 to 245; 

#---------------------------------------------------------------------------------
#With Gaussian noise (element wise): n=d=1000, k=10, c=20,  beta=0.1
#---------------------------------------------------------------------------------

Best s = 230 to 250 or 330 to 350;

#---------------------------------------------------------------------------------
#With Gaussian noise (element wise): n=d=1000, k=10, c=20,  beta=0.2
#---------------------------------------------------------------------------------


#---------------------------------------------------------------------------------
#With Gaussian noise (element wise): n=d=1000, k=10, c=20,  beta=0.5
#---------------------------------------------------------------------------------



#---------------------------------------------------------------------------------
#With Gaussian noise (element wise): n=d=2000, k=10, c=40,  beta=0.05
#---------------------------------------------------------------------------------


#---------------------------------------------------------------------------------
#With Gaussian noise (element wise): n=d=2000, k=10, c=20,  beta=0.05
#---------------------------------------------------------------------------------


#---------------------------------------------------------------------------------
#With Gaussian noise (element wise): n=d=2000, k=20, c=20,  beta=0.05
#---------------------------------------------------------------------------------

Best s = 290 to 340;

#---------------------------------------------------------------------------------
#With Gaussian noise (element wise): n=d=2000, k=20, c=20,  beta=0
#---------------------------------------------------------------------------------

Best s = 150 to 300;


#-------------------------------------------------------
#On Reuters10, 
#-------------------------------------------------------

done for s=5.000000, gamma=0.100000 , tolerance =2914, edgeThreshold=4371.000000 with lc= 0, k=6
done for s=5.000000, gamma=0.500000 , tolerance =2914, edgeThreshold=4371.000000 with lc= 0, k=11
done for s=5.000000, gamma=0.900000 , tolerance =2914, edgeThreshold=4371.000000 with lc= 0, k=11
done for s=10.000000, gamma=0.100000 , tolerance =1457, edgeThreshold=2185.500000 with lc= 13059, k=7
done for s=10.000000, gamma=0.500000 , tolerance =1457, edgeThreshold=2185.500000 with lc= 0, k=20
done for s=10.000000, gamma=0.900000 , tolerance =1457, edgeThreshold=2185.500000 with lc= 0, k=23

done for s=20.000000, gamma=0.100000 , tolerance =7.285000e+02, edgeThreshold=1092.750000 with lc= 13038, k=29
done for s=20.000000, gamma=0.500000 , tolerance =7.285000e+02, edgeThreshold=1092.750000 with lc= 12978, k=87
done for s=20.000000, gamma=0.900000 , tolerance =7.285000e+02, edgeThreshold=1092.750000 with lc= 12971, k=96
done for s=60.000000, gamma=0.100000 , tolerance =2.428333e+02, edgeThreshold=364.250000 with lc= 12974, k=92
done for s=60.000000, gamma=0.500000 , tolerance =2.428333e+02, edgeThreshold=364.250000 with lc= 12714, k=352
done for s=60.000000, gamma=0.900000 , tolerance =2.428333e+02, edgeThreshold=364.250000 with lc= 12670, k=392
done for s=100.000000, gamma=0.100000 , tolerance =1.457000e+02, edgeThreshold=218.550000 with lc= 12891, k=150
done for s=100.000000, gamma=0.500000 , tolerance =1.457000e+02, edgeThreshold=218.550000 with lc= 12490, k=572
done for s=100.000000, gamma=0.900000 , tolerance =1.457000e+02, edgeThreshold=218.550000 with lc= 12412, k=597
done for s=200.000000, gamma=0.100000 , tolerance =7.285000e+01, edgeThreshold=109.275000 with lc= 12749, k=241
done for s=200.000000, gamma=0.500000 , tolerance =7.285000e+01, edgeThreshold=109.275000 with lc= 11990, k=1037
done for s=200.000000, gamma=0.900000 , tolerance =7.285000e+01, edgeThreshold=109.275000 with lc= 11827, k=1236




