0.027673
0.028483
0.02763
0.027343
0.025916
0.027924
0.02602
0.025897
0.028157
0.032354
0.026474
0.03264
0.028128
0.02737
0.026567
0.030732
0.025297
0.027926
0.026982
0.025084
0.025741
0.027461
0.027058
0.024404
0.026804
0.028657
0.025594
0.028482
0.029212
0.027088
0.026452
0.024896
0.028537
0.039647
0.028409
0.028322
0.026146
0.025643
0.027372
0.039401
0.027496
0.02768
0.028617
0.027369
0.029834
0.025478
0.0266
0.027648
0.034036
0.02884
0.031453
0.029967
0.025902
0.027151
0.029959
0.026744
0.028308
0.025186
0.030694
0.026506
0.025704
0.027431
0.026835
0.026637
0.033531
0.027061
0.028847
0.028843
0.0281
0.027995
0.040051
0.028021
0.036797
0.025101
0.027124
0.027883
0.027889
0.02777
0.028541
0.026882
0.029307
0.02558
0.025535
0.027277
0.029064
0.029372
0.029771
0.028802
0.026144
0.025188
0.028465
0.028007
0.0356
0.039578
0.02839
0.024663
0.028228
0.028314
0.029383
0.029932
