0.143433 0.061687 -0.026897 -0.051684 -0.019976 0.141159 -0.089605 0.053922 0.093141 0.147715
0.241863 0.038769 -0.059655 0.188702 0.100453 0.173908 -0.076770 -0.154119 0.071550 0.058245
0.226242 -0.020278 -0.046755 -0.080591 -0.025692 -0.089241 -0.243437 -0.439443 -0.143224 0.034612
0.244009 0.014706 0.035070 0.120667 -0.083273 0.233567 -0.399269 0.074681 -0.086719 -0.072222
0.119085 -0.026503 0.060933 -0.041943 -0.001782 -0.066685 0.030058 0.084483 0.064524 0.017399
0.222852 0.121685 -0.077202 -0.085368 -0.258480 -0.092978 -0.057709 0.206771 0.288668 0.189745
0.177373 -0.005379 0.131662 0.011118 0.084201 -0.034916 -0.043880 0.049171 -0.116637 0.055094
0.196998 0.124838 -0.058357 -0.218614 -0.132329 -0.052036 0.041887 0.134347 0.120831 0.291523
0.232221 -0.068663 0.160163 -0.345875 -0.165455 -0.037759 0.115062 0.196884 0.021195 0.093112
0.294766 -0.217016 0.030226 -0.321302 -0.069099 -0.005064 -0.057523 -0.273359 0.046197 -0.020124
0.096814 -0.064533 0.037968 -0.103219 0.022356 0.008200 0.081407 -0.023481 -0.011778 -0.012517
0.129561 0.041648 0.009583 -0.015898 0.045281 -0.035580 -0.028264 0.019713 -0.078374 0.171497
0.206488 -0.083629 0.086236 0.161987 0.224150 0.155742 -0.086877 0.032501 0.114736 0.003721
0.184120 -0.195192 -0.014183 -0.003320 -0.057002 0.012722 0.121061 0.048794 -0.104596 -0.140553
0.260610 -0.258172 0.119284 -0.071471 -0.048021 -0.027579 0.022083 0.257830 -0.198225 -0.233182
0.198412 -0.176601 0.166186 0.289522 -0.155560 0.120734 0.160162 -0.195416 -0.075143 0.193467
0.158984 -0.093302 0.084154 -0.000946 0.103758 -0.095741 -0.104730 -0.036479 -0.137887 0.104428
0.241864 0.057332 -0.182733 -0.220815 -0.038714 -0.066613 0.158872 0.239022 -0.033547 -0.010615
0.121308 -0.015768 -0.067745 0.056257 -0.029727 0.033458 -0.085264 -0.008615 -0.139391 0.093118
0.242059 -0.045812 0.010413 0.346291 -0.133282 0.085870 0.158644 -0.112951 0.117436 0.111541
0.259791 -0.261706 0.004390 -0.305334 0.075756 0.119699 0.346963 0.090262 -0.015201 -0.047046
0.215148 0.147423 -0.032971 -0.033708 -0.125550 0.047950 -0.021773 0.132721 0.050083 -0.115281
0.226086 -0.098346 -0.030251 -0.065012 -0.168682 -0.302069 -0.133344 0.096067 0.131904 0.276725
0.272759 0.261602 0.285852 -0.106161 -0.145689 -0.072542 0.030437 0.143227 0.182130 0.115811
0.275604 0.287112 -0.109806 -0.287026 -0.220140 0.121494 0.034066 0.021939 -0.020730 0.201158
0.205690 -0.063044 -0.040852 -0.180091 0.006383 -0.081516 0.028360 -0.093945 -0.109849 -0.074768
0.144630 0.051121 -0.020095 0.195771 0.012547 -0.084716 0.018080 -0.016617 -0.239226 0.043020
0.213125 0.070387 0.041908 -0.132849 -0.205589 -0.051185 -0.197103 -0.019795 0.058895 0.164163
0.196130 0.010390 -0.123714 0.022053 0.028309 0.123463 0.073525 0.051982 0.076473 -0.254996
0.183837 0.011532 -0.090790 -0.034728 0.117187 -0.053551 -0.075807 -0.005970 -0.108598 -0.075702
0.190620 0.104625 -0.035499 -0.056742 -0.088751 0.001307 0.001576 0.071868 0.057170 0.096550
0.182503 0.183916 -0.071016 -0.117404 -0.169356 0.233646 0.029346 0.077842 -0.085841 0.056842
0.244958 -0.064218 -0.080879 0.114080 -0.030895 -0.058601 -0.110640 0.275990 -0.078687 -0.324210
0.179552 -0.019934 -0.247159 -0.096150 0.081431 0.047580 0.159389 -0.079071 -0.013678 -0.092133
0.235531 -0.018445 -0.034798 0.065698 0.187670 0.325551 -0.052899 0.012307 0.073913 0.049063
0.186867 -0.010578 0.129430 0.000525 0.043161 -0.193982 0.034463 -0.033392 -0.053856 0.017172
0.293533 0.052188 0.018012 0.059966 -0.062754 -0.119969 -0.276628 0.050695 0.252557 -0.302492
0.237272 -0.219532 0.237842 0.066220 -0.040115 0.011759 -0.239191 0.007091 -0.062973 -0.138361
0.269973 -0.110261 -0.169916 -0.078936 0.032505 0.184978 0.112567 -0.040364 0.048548 -0.356462
0.244147 0.209526 0.088420 -0.079109 -0.013508 -0.173609 0.128948 -0.025936 0.224978 0.018658
0.191811 -0.064742 -0.106485 -0.114708 0.021195 0.016806 0.000758 -0.131889 -0.043640 -0.005729
0.185174 -0.081547 -0.093971 -0.089585 -0.091092 -0.108952 0.055278 0.115860 0.120230 0.215697
0.174509 0.049115 -0.088847 0.115998 0.041156 -0.024694 -0.195789 0.249811 -0.117883 -0.067670
0.219463 -0.234124 0.162523 -0.181197 0.027251 0.159773 0.099874 0.035993 -0.080198 0.008290
0.183607 0.094486 -0.232976 -0.172157 -0.063331 0.236721 0.152944 0.049713 -0.137517 -0.160409
0.217757 -0.075551 0.184701 0.044970 0.130002 -0.137220 -0.047518 0.136628 -0.039343 -0.194022
0.234751 -0.013888 -0.002204 0.331378 -0.174745 -0.030644 0.167979 -0.017799 -0.228229 0.151328
0.218481 -0.037232 -0.043169 0.091775 0.067109 0.050694 0.074425 0.101057 -0.070089 -0.038853
0.255828 0.292229 0.232410 0.084185 0.272383 -0.164084 -0.007121 0.138192 -0.063756 -0.101839
0.266078 -0.090135 0.195489 -0.256069 -0.161407 0.060306 -0.008537 0.224962 -0.010246 -0.008064
0.189053 -0.005418 -0.026827 0.046061 0.030917 -0.011853 -0.106637 0.066325 -0.263419 0.068791
0.176665 -0.142158 -0.254979 -0.080625 -0.009844 0.004263 0.184875 -0.128679 -0.043318 -0.103228
0.198721 0.221923 0.196133 -0.008453 -0.014714 0.027734 0.026248 -0.072778 0.009673 -0.037892
0.173142 0.088824 -0.088707 -0.057758 0.061022 -0.031156 0.098953 0.110790 0.245006 0.136088
0.180476 0.067937 -0.099194 0.081724 0.029871 -0.052641 -0.076969 -0.061808 0.132477 -0.011246
0.235443 -0.101438 -0.029034 -0.057044 -0.097905 -0.101172 -0.234108 -0.122701 -0.020315 -0.226622
0.182943 -0.046961 -0.017309 -0.065822 -0.007372 -0.059669 -0.223459 -0.248973 -0.073367 0.033838
0.185640 0.206603 0.123411 -0.109938 0.002126 -0.127282 0.131750 -0.007080 0.035913 -0.126309
0.194872 -0.089148 -0.140132 -0.037791 0.034147 0.035105 0.009440 -0.104849 -0.040512 0.020360
0.236397 -0.002127 0.026733 0.239941 -0.155221 -0.111966 0.151807 0.074858 -0.014724 0.022353
0.231643 -0.043751 -0.113451 0.089894 0.070494 0.009558 -0.256035 0.029090 -0.257848 0.007258
0.193471 -0.022213 -0.003046 0.049881 0.197320 0.017791 -0.010894 0.059207 0.090381 0.024560
0.226856 0.091440 -0.144465 0.047984 0.235609 -0.043743 0.157785 -0.102561 -0.099278 0.196275
0.192794 -0.136007 0.081045 0.013694 -0.093818 0.058751 -0.128466 0.103366 -0.011237 -0.243164
0.185674 0.053832 -0.163037 0.067002 0.043357 0.151636 -0.203641 0.166886 -0.020961 -0.000743
0.231149 -0.013329 0.000772 0.110894 -0.004954 -0.110265 -0.313547 -0.052660 -0.262902 0.121391
0.200978 0.027664 -0.089472 0.056562 -0.075185 -0.122258 -0.015865 0.160005 -0.044272 -0.111602
0.258251 -0.030858 0.083199 0.278074 0.127069 0.081397 0.168099 -0.023812 0.083870 0.163482
0.176516 0.025826 -0.014523 -0.006999 0.340263 0.030640 0.034910 0.010945 -0.044522 0.229856
0.271774 -0.255568 -0.297445 -0.218175 -0.026148 -0.214891 0.102529 -0.029262 0.156179 -0.083467
0.255216 -0.169076 0.015276 0.288120 -0.285721 -0.039104 -0.158348 -0.028504 -0.054373 0.124622
0.179932 0.019162 0.087020 -0.018767 0.004469 0.021324 -0.132793 -0.069898 0.229977 -0.164854
0.218816 0.167007 -0.048412 -0.105231 -0.150367 0.255897 0.057574 0.036403 -0.000903 -0.100207
0.233446 0.087856 0.012325 0.124230 0.096824 -0.196116 0.162102 -0.018000 -0.176603 -0.139443
0.247978 -0.108866 -0.193692 -0.014772 -0.004908 -0.115751 -0.042807 0.000451 -0.138324 -0.223843
0.257310 0.007703 0.010631 -0.230095 -0.146796 -0.253021 -0.012761 0.188053 0.284386 0.280876
0.295625 0.289062 0.021437 0.096379 0.301123 0.067750 0.146496 -0.001303 0.106615 -0.068959
0.182877 0.238805 0.117527 -0.080967 0.081612 -0.030381 0.099472 -0.059314 -0.009238 0.089320
0.256388 0.368551 0.052897 0.063775 0.022386 -0.143918 0.190633 -0.222060 0.097551 -0.147029
0.229330 -0.031805 0.017734 -0.066876 0.197637 -0.140469 -0.026774 -0.034104 0.268001 0.039045
0.212170 0.186612 -0.150061 -0.049973 -0.109647 0.236473 -0.097408 0.143963 -0.170218 0.047792
0.255868 0.308809 0.162361 0.143456 0.105484 -0.258945 0.125086 0.068016 -0.192463 -0.101958
0.189551 0.003337 -0.040342 0.119170 0.056975 -0.053040 0.110040 0.025135 -0.052309 -0.196917
0.147769 -0.017896 -0.008587 -0.093810 0.127690 -0.036154 0.059562 0.028257 -0.037884 0.140897
0.247172 0.149837 0.058329 0.180351 0.142105 -0.375832 0.064299 0.006588 -0.276972 -0.008908
0.232243 0.260911 -0.097325 -0.109653 -0.011465 0.108283 0.050436 -0.054174 -0.115869 0.245623
0.246343 0.135097 -0.274751 -0.165944 0.008152 0.199012 0.125016 -0.032157 -0.125035 0.045730
0.214007 -0.069622 -0.090558 -0.007501 0.054718 -0.103584 0.041173 -0.127417 0.056827 -0.084375
0.164035 -0.022692 0.261620 0.049821 -0.044263 0.091711 -0.096693 -0.027790 0.040136 -0.157433
0.218631 -0.130912 -0.141694 -0.049224 -0.054357 0.126514 0.243072 -0.079812 -0.088370 -0.102389
0.213084 -0.111665 -0.049849 -0.061398 0.240251 0.025928 0.094859 0.086498 -0.025541 -0.131694
0.172013 -0.137333 0.089108 0.118585 -0.041081 0.032576 -0.101161 -0.166765 -0.167478 0.082988
0.269968 -0.318759 0.164362 -0.216879 -0.038405 -0.129418 0.009878 0.148889 0.082382 0.141403
0.231404 -0.206155 0.139329 0.200620 -0.253449 -0.079827 0.063922 0.097922 0.118779 0.231495
0.254974 0.261763 0.140869 -0.174867 -0.149947 -0.194185 0.037559 0.124149 0.168001 0.000655
0.157373 -0.001891 0.008211 -0.013067 -0.036742 -0.017811 0.022297 0.021442 -0.179409 -0.009891
0.212433 -0.038839 -0.048037 0.191871 0.217077 0.066597 0.005539 0.026752 0.110710 -0.196941
0.278377 -0.311931 -0.049576 -0.046385 -0.017932 -0.233525 -0.218017 -0.029228 0.197095 -0.022957
0.153738 0.054934 0.064444 0.127357 0.028462 -0.063554 0.150630 0.037282 -0.173645 0.043173
0.152313 -0.124575 -0.045061 -0.028300 0.002241 0.030999 0.014965 0.111639 -0.038672 -0.012403
0.232156 0.109908 0.009236 0.133888 -0.247503 0.193581 0.149436 -0.042275 -0.096997 0.138164
0.192975 -0.029451 -0.035785 0.082794 -0.032322 -0.279126 0.171650 0.115508 -0.066716 0.086826
0.246472 -0.290557 0.184620 0.051799 -0.245283 0.100013 0.223542 0.024797 -0.074856 -0.042240
0.214816 -0.040269 -0.146487 -0.044300 0.238170 0.056114 0.193578 -0.016402 -0.086921 0.027858
0.197952 0.065089 0.008741 0.075554 0.043985 -0.048988 -0.145955 0.200049 -0.067889 -0.170811
0.204904 -0.136436 -0.079596 0.019735 -0.077432 -0.038370 -0.015031 0.073004 -0.119492 0.080313
0.256140 0.044362 0.100371 0.128363 -0.255624 -0.015745 0.103919 0.161903 0.028747 0.122489
0.241715 0.012707 -0.060051 0.091487 0.447758 0.216691 0.037625 0.065383 0.126401 0.166043
0.264394 -0.238062 -0.238579 0.026984 -0.219105 -0.166892 -0.073600 0.122961 0.194079 -0.000689
0.187372 0.098718 -0.077650 0.040621 -0.027636 -0.105673 0.068714 0.023247 -0.060159 -0.138974
0.120645 0.010506 -0.010780 -0.020741 0.039161 0.135312 -0.091905 0.070527 0.043349 0.122873
0.231161 0.114714 0.004765 -0.096799 0.138385 0.128710 0.012066 0.276286 0.073395 0.061845
0.163061 0.047827 -0.043094 0.005750 0.146259 -0.100760 0.074757 -0.128848 -0.097707 0.066329
0.201637 -0.126326 0.000471 -0.015283 0.084791 -0.047486 -0.197968 -0.138226 -0.184661 0.140864
0.255124 -0.093048 -0.074894 0.014699 0.326524 0.126532 -0.008619 -0.166094 0.155588 0.164533
0.183577 -0.080174 -0.072273 0.013216 0.031507 0.065116 0.238990 -0.047132 -0.052333 -0.051076
0.271572 -0.132016 -0.121087 0.085582 -0.312071 -0.140748 0.112874 -0.146190 0.232075 0.059213
0.196224 -0.033573 0.078771 0.159889 0.043717 0.190390 -0.072121 -0.031716 0.138444 -0.121472
0.263245 -0.238292 -0.193259 0.162691 0.005562 0.140158 -0.101563 -0.175725 -0.083873 -0.033200
0.236991 -0.157201 -0.195837 0.040732 -0.048427 -0.047648 -0.168690 0.235005 -0.046358 0.091101
0.195068 -0.016409 -0.113234 -0.037985 -0.080824 -0.117599 -0.051540 -0.324484 -0.054359 -0.108500
0.211668 0.063006 -0.182205 -0.029708 -0.037024 0.046621 -0.010321 0.007191 0.216539 0.081786
0.256926 0.166306 0.000904 0.286125 0.242381 -0.213158 0.061726 0.152852 -0.108071 -0.002533
0.233747 -0.065684 0.096413 0.015593 -0.135533 -0.031263 -0.185813 -0.064731 0.003177 -0.160824
0.207722 -0.056219 -0.031600 0.072492 0.008723 -0.118085 -0.189880 0.139109 -0.230045 -0.064486
0.200468 -0.094496 -0.017692 -0.005905 0.028468 -0.140806 -0.116574 -0.084060 0.072449 -0.000309
0.193515 0.091783 -0.012572 0.035316 -0.040186 -0.239508 -0.013367 -0.140078 -0.114181 0.053839
0.174301 -0.119876 0.146791 0.081344 0.003807 0.040723 -0.027133 -0.007327 -0.146919 -0.061099
0.262817 0.081131 -0.116226 0.173012 0.010659 -0.220153 0.032535 0.074380 -0.000248 -0.232237
0.276429 -0.246289 0.256017 -0.069265 0.041436 0.242050 -0.083983 -0.089715 -0.148342 0.158971
0.257760 -0.066820 -0.139338 0.246125 0.164585 0.093468 0.029768 0.183298 0.046540 -0.259824
0.255195 0.062727 -0.187563 0.219948 -0.039523 -0.249864 0.064747 0.055936 0.175337 -0.008171
0.207763 0.056664 -0.169428 -0.036220 0.159704 0.011155 0.136511 0.005320 0.063273 0.270665
0.236524 0.028135 -0.003900 0.377862 -0.200022 -0.116122 0.290814 -0.057089 -0.025959 0.162716
0.219991 0.047271 -0.061877 -0.011982 -0.047291 -0.224837 -0.032033 -0.115960 0.043780 0.197603
0.255880 -0.146717 -0.099378 -0.071890 0.036776 -0.086959 -0.152723 -0.224149 0.091974 -0.049249
0.212429 -0.025982 -0.230806 -0.146022 0.261424 0.147351 0.204766 0.013296 -0.050973 0.039850
0.238032 -0.146330 -0.109829 0.044159 0.071592 0.101574 -0.199584 0.229312 0.088297 0.103750
0.247083 0.146285 -0.077700 -0.070561 -0.252308 0.087425 -0.088973 0.213478 -0.225724 -0.052861
0.141815 0.064717 0.034078 0.075773 0.182134 0.019898 -0.026558 0.066830 -0.004568 0.028818
0.172279 -0.057868 -0.079304 -0.095830 0.126174 0.074566 0.109424 -0.056406 0.004636 0.085400
0.211029 -0.221694 0.004255 0.077515 -0.010243 0.017538 0.094994 0.060587 -0.000209 -0.225957
0.207554 0.244762 0.251172 -0.025708 -0.043694 0.036013 0.022325 -0.087304 0.091112 -0.248274
0.223195 0.126343 -0.018323 0.140195 0.052264 -0.317333 0.169506 0.008861 -0.255913 -0.099461
0.211851 0.223419 -0.075454 -0.151333 -0.184174 0.230359 0.081954 0.030975 -0.015541 0.128825
0.128939 -0.024702 -0.059422 0.076558 -0.084129 -0.047762 -0.166314 0.124523 -0.023653 -0.056749
0.168226 -0.104660 -0.136927 -0.021072 -0.076654 -0.093705 -0.055407 0.101990 -0.029297 0.147979
0.182826 -0.044185 0.096352 0.259596 -0.170697 0.034825 0.153647 -0.008059 0.049517 0.039307
0.186028 0.008141 -0.029909 -0.185743 -0.108353 -0.197561 0.038051 0.059943 0.047116 0.124304
0.230744 -0.001294 -0.156031 0.138882 -0.069329 -0.239610 0.060929 0.107991 0.063239 0.055821
0.277774 -0.158918 0.091234 -0.252893 0.133033 0.205463 -0.041210 -0.096951 -0.000343 0.026098
0.250186 0.023400 -0.019822 -0.201571 -0.032907 -0.133627 -0.109642 0.075419 0.414616 0.111310
0.200202 0.021180 0.010234 0.118300 -0.119032 -0.112007 0.148807 -0.044530 -0.126613 0.058828
0.208731 0.114682 -0.030383 0.075024 -0.077877 -0.031490 -0.148160 -0.210895 -0.005958 -0.060105
0.222323 -0.005513 -0.051857 -0.018782 0.254385 -0.045865 0.046420 -0.133891 0.105550 0.111069
0.162807 0.032783 0.011518 0.006564 0.066302 -0.027986 -0.045872 0.114364 -0.062731 0.063106
0.166390 0.005589 -0.089051 -0.074423 0.257309 0.143648 0.086874 -0.032399 -0.002943 0.132807
0.219775 -0.001808 -0.009658 0.323341 -0.092833 0.169127 0.191211 -0.117387 0.202302 0.087615
0.182606 -0.032158 -0.096855 -0.061276 0.166106 0.012848 -0.057158 -0.081467 0.176909 -0.015864
0.255368 0.032847 0.144661 0.122457 -0.318817 -0.035489 0.126450 0.170545 0.160371 0.261550
0.250800 0.004786 -0.008617 0.405046 -0.102911 0.175545 0.200164 -0.139825 0.201648 0.017213
0.267143 0.019997 -0.164261 0.122801 -0.027367 -0.345167 -0.113375 0.138083 0.136908 0.033898
0.220488 0.070205 -0.017914 0.049756 -0.055328 -0.167361 -0.059030 0.050818 -0.027952 -0.147536
0.164450 0.005613 0.017267 0.062147 -0.020130 -0.036355 -0.052180 0.009750 -0.028692 0.012685
0.187979 -0.154630 -0.072775 -0.101771 -0.061357 -0.051032 0.055736 -0.043535 -0.080158 -0.182856
0.193423 -0.197468 -0.117093 0.017137 -0.185922 0.000357 -0.018968 0.062025 0.002479 -0.070465
0.240709 -0.018365 0.044734 0.043500 -0.125156 -0.089377 -0.144865 -0.329561 0.021799 0.034495
0.226787 0.394904 0.041407 -0.138123 -0.037913 0.155336 0.034944 -0.039824 -0.034485 -0.040157
0.189351 0.047365 0.163469 0.095091 0.246860 -0.129064 -0.085765 0.082628 -0.066620 0.130477
0.281105 0.355980 0.132516 -0.061827 0.009876 -0.198939 0.105759 0.067884 -0.016862 -0.089203
0.227864 0.014927 -0.042335 0.057818 -0.050264 -0.239816 -0.076935 0.077601 -0.197311 -0.215587
0.178734 0.081209 -0.130503 -0.000064 -0.116248 -0.063667 0.104661 -0.029989 0.072793 0.027753
0.253274 0.182120 -0.070196 -0.182476 -0.181041 0.080486 -0.020676 -0.205885 -0.097016 0.005239
0.221205 0.116491 -0.082767 0.095613 0.065793 -0.094980 -0.104194 0.186652 -0.198830 -0.083433
0.203315 -0.001371 0.123401 0.056655 -0.085450 -0.004170 -0.106769 -0.012687 -0.051957 -0.223904
0.226784 -0.195882 0.144429 -0.156150 -0.001564 0.098563 0.053658 0.070112 0.035739 -0.134749
0.203920 -0.116656 0.105149 0.327241 -0.225733 0.144637 0.190461 -0.131852 -0.039125 0.078085
0.212084 -0.114944 -0.137777 -0.002165 0.112390 0.166838 0.136411 -0.052951 -0.113349 -0.174533
0.205768 -0.110312 -0.189257 -0.203038 0.096028 -0.042028 0.048464 -0.178348 0.042509 -0.103671
0.243784 0.223068 -0.040170 -0.169942 -0.113115 0.074629 -0.091719 -0.071382 -0.216166 -0.099693
0.222340 -0.040349 0.036656 0.179563 -0.113055 0.203833 0.070060 -0.059659 0.029893 0.228197
0.240463 0.115648 -0.194068 -0.075988 -0.164369 0.240164 -0.117023 -0.053350 0.068302 -0.018362
0.204425 -0.035621 -0.037462 -0.074821 0.070325 -0.162680 -0.104861 -0.155257 0.189988 0.044209
0.217894 0.219667 -0.122445 -0.078291 -0.014902 0.164743 0.015363 -0.024895 -0.158285 -0.009015
0.254764 0.217285 0.144088 -0.043438 0.102378 -0.181877 0.177697 -0.175305 -0.146411 -0.049736
0.170143 -0.082709 -0.093106 0.016699 0.021437 -0.027061 0.031408 0.204947 0.057239 0.077159
0.254898 -0.161406 -0.035988 0.237033 -0.224037 -0.019592 0.147226 -0.173317 0.161525 -0.084044
0.164267 0.005006 0.120060 0.080763 0.135442 0.126551 -0.136172 -0.009614 0.047218 0.055694
0.318004 -0.195309 0.260688 0.032533 0.172821 0.331131 0.079031 -0.109629 0.068197 -0.059615
0.259757 0.046653 -0.112450 -0.076478 -0.048134 -0.188854 -0.162922 -0.364388 -0.096013 -0.033121
0.243917 -0.032740 -0.039936 -0.055803 0.224162 -0.159038 -0.141794 -0.230084 -0.222584 0.240357
0.260822 -0.076290 0.069947 -0.061147 0.197164 -0.184666 -0.202070 -0.136764 -0.129117 0.140127
0.208235 0.004431 -0.047127 0.048018 0.299607 0.067965 -0.025424 0.188791 0.054356 0.136396
0.196489 -0.170267 0.081075 0.066186 0.002416 0.082356 0.202944 -0.110231 -0.094160 -0.065362
0.196988 -0.046896 -0.104260 0.126810 -0.167535 0.022503 -0.259071 0.072287 -0.266175 0.002261
0.230467 -0.074493 0.012524 0.225245 0.208710 0.380258 -0.074889 -0.097455 0.094819 0.047017
0.219486 -0.055583 0.112215 -0.077140 -0.190218 -0.169853 -0.147598 -0.019028 0.137292 -0.182605
0.147133 0.061677 -0.020466 -0.059784 -0.012854 -0.143321 0.114056 -0.104004 -0.080223 -0.049864
0.166593 -0.053259 0.043236 0.075896 -0.009089 -0.006691 -0.015663 -0.103674 -0.091277 0.083923
0.187306 -0.125332 0.213184 0.003786 0.155410 -0.018605 -0.079284 -0.011907 -0.094915 0.077284
0.192743 -0.022772 -0.070534 -0.005957 -0.137015 -0.141178 -0.092764 0.074183 -0.050046 0.023914
0.207041 0.039138 0.175399 0.100766 0.210834 0.129241 -0.214326 0.088999 0.078576 -0.085926
0.223235 0.186609 -0.114065 -0.060824 -0.165614 0.261832 -0.120633 0.134327 -0.135693 -0.039510
0.225966 0.127290 -0.012898 -0.092471 -0.054200 0.315364 -0.079658 0.036874 -0.037386 -0.008736
0.229648 -0.065415 -0.061189 0.253927 0.136118 0.187015 -0.015726 -0.125959 0.160600 -0.042295
0.205836 -0.128480 -0.064272 0.077433 -0.025099 0.136680 -0.088893 0.079930 -0.036646 -0.099416
0.184807 -0.004869 0.160524 -0.020361 0.105635 -0.026145 -0.056391 0.073884 0.105286 0.100486
0.190790 -0.017190 -0.067244 -0.114222 0.097701 -0.092272 0.089017 -0.053215 0.017688 0.170987
0.292898 0.417013 0.212289 -0.100580 -0.204043 0.163731 -0.026392 -0.075962 0.072269 -0.118498
0.222764 -0.279995 0.173475 -0.193249 0.039589 0.017006 0.024525 -0.031919 0.160395 -0.157693
0.195468 -0.180634 0.018457 0.274762 -0.178588 0.039851 0.127482 0.077383 -0.003607 0.000649
0.171278 0.027856 0.067967 0.036366 0.113668 0.015770 -0.192430 0.033834 -0.101725 0.145792
0.229410 0.023357 0.000815 -0.102941 -0.118843 -0.183394 -0.060318 0.225778 0.070082 0.291464
0.255148 -0.033319 -0.108300 -0.037374 0.082555 -0.185681 0.075175 0.021692 -0.128935 0.131122
0.213388 0.168006 -0.140452 -0.171045 -0.112894 0.203593 0.054002 -0.010065 -0.065088 0.067456
0.273991 0.205104 0.157582 0.141670 -0.190291 -0.030964 0.098477 -0.317007 0.073612 0.058375
0.275295 0.020873 0.068211 -0.078099 -0.076487 0.072624 -0.275177 0.021939 0.135752 -0.038038
0.197564 0.169322 -0.086910 0.050123 0.022638 -0.148061 0.067133 0.073675 -0.045626 -0.074939
0.177799 0.064790 -0.173679 -0.062079 0.018004 0.002976 0.014908 -0.023471 0.178835 0.046529
0.214234 0.027408 0.056716 0.037680 0.148916 -0.202948 -0.016562 0.278772 -0.231835 -0.137725
0.205490 -0.082697 -0.070652 -0.089531 -0.086342 -0.112383 -0.136462 -0.061889 0.058467 0.045358
0.190472 0.213961 0.208076 0.015934 0.083746 0.084152 0.016801 -0.074195 0.052831 -0.020231
0.143791 -0.039514 0.048759 -0.075767 0.018828 0.013117 0.071249 0.009761 -0.092641 0.035988
0.188532 0.045095 -0.162028 -0.049217 0.315757 0.143465 0.033954 -0.041881 0.037254 0.129322
0.173587 -0.120530 0.192257 0.039418 0.062168 0.000895 0.007061 -0.013845 -0.081686 0.062452
0.249588 0.054496 -0.151430 0.233191 0.027794 0.198387 -0.108718 0.088811 0.065738 -0.193676
0.356740 0.334266 0.287318 -0.349519 -0.178473 0.094775 0.186403 0.016618 -0.060576 0.010120
0.213205 -0.006584 -0.069389 -0.136476 0.097181 -0.086593 0.057235 0.010758 -0.178632 -0.058992
0.215631 0.006930 -0.043431 0.004152 -0.016988 -0.141777 -0.124590 0.032730 0.083860 0.109517
0.221139 -0.058445 0.049849 0.083854 -0.200833 -0.004145 -0.132631 -0.021933 0.066768 -0.266721
0.122744 0.003237 -0.053013 -0.021576 -0.041490 0.071401 -0.007392 0.078719 -0.001037 0.022874
0.224432 -0.293759 0.172754 -0.239694 0.012948 -0.039943 -0.098475 -0.050269 0.072036 0.089642
0.264057 -0.260119 0.186517 -0.296520 -0.042645 -0.151989 0.078281 0.153249 0.141324 0.146116
0.235636 0.235732 0.240622 0.061708 0.037106 -0.009101 0.004833 -0.122462 0.137501 -0.182242
0.167738 -0.038394 -0.064308 0.002459 0.053238 -0.069567 -0.008529 -0.065532 0.218495 0.017701
0.235995 -0.242577 0.019008 -0.029469 0.105868 -0.086967 -0.113891 -0.009753 0.025482 0.184744
0.245613 -0.005916 -0.284741 -0.113637 0.127556 -0.024362 0.174288 -0.108408 0.069476 0.039282
0.188718 0.117563 0.017642 0.012726 -0.029561 -0.087597 -0.267498 -0.166416 -0.045767 0.017933
0.167433 -0.024736 0.141589 0.017001 0.062605 -0.125884 -0.090812 -0.036417 -0.075862 0.061398
0.222712 0.300094 0.189560 0.062246 0.085945 -0.119476 0.208462 0.003804 -0.085563 0.014198
0.220174 0.015387 -0.057150 -0.162348 -0.059584 -0.040976 -0.144960 -0.256197 -0.167817 -0.095201
0.222182 -0.082766 -0.181652 0.053535 -0.111497 -0.057909 0.030497 0.091743 0.122276 -0.088260
0.200118 0.202724 -0.041994 -0.101448 -0.108682 0.018716 0.054792 0.180952 0.108823 0.112730
0.219642 0.245750 0.256508 0.029456 0.254130 -0.071204 0.004656 0.062583 -0.018932 -0.026769
0.134798 0.053545 -0.064653 0.037752 0.031170 0.006185 0.017821 0.023019 -0.078465 -0.126422
0.209927 -0.000319 0.006975 0.268919 -0.013001 -0.030512 0.033353 0.011687 -0.221083 0.019471
0.205663 0.116911 -0.187337 -0.031249 -0.026880 -0.072817 -0.079715 0.006992 0.151641 0.057176
0.213816 -0.007912 -0.142422 0.056134 -0.042480 -0.267456 -0.009970 -0.031241 0.129191 0.024065
0.201540 0.337690 0.120950 0.027836 0.058151 -0.109039 0.215766 -0.063947 -0.039156 -0.061057
0.221951 -0.100603 -0.176369 -0.125659 0.046934 0.071088 0.061650 -0.126034 -0.262912 0.082674
0.173463 -0.027091 0.101837 0.054840 -0.065713 0.005434 -0.095437 0.097930 -0.088157 -0.133389
0.192322 0.018429 -0.145153 0.038948 -0.016523 -0.009829 -0.054582 0.175736 0.040102 0.163868
0.227330 -0.028626 0.169625 -0.018097 0.281480 -0.090122 -0.141318 -0.010018 -0.122204 0.055407
0.230272 -0.021624 -0.169138 0.116906 0.130591 0.169843 -0.066745 0.038959 0.126500 -0.151682
0.256713 0.244250 0.406157 0.049684 0.194894 -0.037059 -0.045192 0.022617 0.116161 -0.171105
0.219654 -0.019871 -0.134198 -0.115389 0.137563 -0.124420 0.146464 0.113436 -0.107253 -0.120425
0.194437 -0.082168 0.021263 -0.037377 -0.212357 -0.147910 -0.149714 -0.004614 -0.024779 0.041618
0.206667 -0.035575 0.303234 0.031168 0.285354 -0.102911 -0.039585 0.147291 0.036568 0.068645
0.230289 0.024036 -0.225733 -0.032947 0.016231 -0.003755 0.230520 -0.134745 -0.090431 -0.259856
0.243823 -0.237277 0.077988 -0.247085 -0.112165 -0.065352 0.088783 -0.109246 0.018158 -0.029323
0.194249 0.038590 0.020035 0.005244 0.173496 -0.016539 -0.062823 0.115815 -0.095489 0.033888
0.231389 -0.177948 0.169869 -0.289973 -0.029577 -0.043041 0.073333 0.019633 0.061299 -0.033380
0.260855 0.125143 0.371991 -0.253140 -0.052418 0.008753 0.198246 0.086168 0.081749 0.006636
0.224172 -0.027462 -0.102075 0.030228 0.020714 0.227894 -0.195624 -0.001154 -0.013161 0.173962
0.251586 0.022437 0.065978 -0.357760 -0.178547 0.158478 0.166004 0.131318 -0.127009 0.063851
0.230509 0.103201 0.096498 0.130201 0.238012 -0.208079 0.061696 0.255067 -0.097698 0.041882
0.235357 0.331845 0.080874 -0.076963 -0.053510 -0.059017 -0.010519 -0.242562 0.070255 -0.044427
0.250465 0.224401 -0.093094 -0.000532 -0.286675 0.110995 -0.009266 0.103467 -0.004095 0.062133
0.166661 0.033964 0.007372 0.105165 0.035498 -0.135558 -0.003248 -0.040352 -0.002788 0.011455
0.233230 -0.002968 -0.096759 0.176368 0.216324 0.357439 -0.135178 0.083623 0.125213 -0.052600
0.200371 0.136852 -0.104119 0.098034 0.128855 -0.092571 0.184844 -0.013910 -0.115930 0.116726
0.146806 0.084124 0.014667 0.116711 -0.044737 -0.138277 0.074172 -0.090723 -0.146749 0.031352
0.209070 -0.111484 -0.108165 0.036800 -0.052297 -0.034530 0.021813 0.208793 -0.147746 -0.189414
0.219389 0.083208 -0.041930 0.013446 0.077776 -0.074714 -0.269821 -0.224268 -0.046126 0.179150
0.212917 -0.031594 -0.146983 -0.087761 0.066244 -0.130625 0.168596 0.098330 -0.124897 -0.217577
0.191740 -0.043615 -0.037139 0.052190 -0.156287 0.035576 -0.125951 0.126743 -0.076180 0.114940
0.172926 -0.068909 -0.118508 -0.071783 -0.035903 -0.036731 -0.060150 -0.147933 0.175457 -0.058370
0.115462 0.017462 -0.038236 0.031263 -0.075234 0.008568 0.034381 0.021159 -0.012131 -0.007800
0.287587 -0.343868 0.322352 -0.264014 0.091845 0.025724 0.039276 -0.037013 0.112993 -0.147969
0.188612 -0.059062 -0.117814 0.054567 -0.106747 0.038751 -0.132425 -0.024138 -0.125611 -0.043483
0.191318 0.008633 -0.043475 0.142980 -0.039442 -0.236893 0.112557 0.143809 -0.028033 0.146989
0.217712 -0.110033 -0.150331 0.035470 -0.138270 -0.172389 -0.171357 0.224708 0.064366 0.108025
0.164754 -0.118055 -0.190736 -0.002477 -0.123031 -0.053621 0.017652 -0.092425 0.137102 -0.144170
0.247765 0.160049 0.019509 0.097051 -0.090087 0.115600 0.112063 -0.005803 -0.313412 0.049340
0.213055 0.060282 -0.085765 0.176531 -0.068806 -0.113687 -0.048783 0.145604 -0.237480 -0.084205
0.177316 -0.073809 -0.202517 -0.103241 0.038067 0.018337 0.200999 0.012076 -0.065476 -0.047374
0.167495 0.067568 -0.079015 -0.068324 0.023861 -0.040212 0.071364 0.099844 0.170775 0.125680
0.194790 -0.056039 0.000259 0.081024 0.018255 0.152079 -0.166683 0.102748 -0.006050 -0.041674
0.133072 -0.092697 -0.074992 -0.058676 -0.034382 -0.042790 0.055034 -0.079603 0.033471 -0.117851
0.177799 -0.025369 0.105340 -0.003970 0.117946 -0.197311 -0.142497 -0.044902 0.061304 0.050893
0.175976 0.054236 -0.110372 0.004598 0.022925 -0.075536 -0.079436 -0.006411 0.073590 -0.059925
0.286723 -0.304079 0.432588 0.088667 -0.124800 0.197416 0.238012 -0.042444 -0.052566 0.102500
0.169669 -0.125433 0.062753 -0.147005 0.109522 -0.056946 -0.064166 -0.054675 0.178832 0.130274
0.280370 0.302443 0.236320 0.030840 -0.077991 -0.082678 -0.095275 -0.058966 0.118699 -0.145762
0.182562 0.149034 -0.049358 0.065044 -0.021033 0.029729 0.013121 0.021913 0.081862 0.026013
0.231342 0.022466 0.065411 0.192655 0.236471 -0.197947 -0.048374 0.128796 -0.249842 0.063907
0.240281 0.013041 0.074204 0.064451 -0.128253 0.052567 -0.239313 -0.282736 0.127659 -0.165269
0.206087 -0.061157 -0.081328 -0.026349 0.127724 0.152268 -0.021596 -0.087871 -0.005589 0.127741
0.156641 -0.042473 -0.053050 -0.021922 -0.026865 -0.035559 0.082939 -0.076154 0.038281 -0.008748
0.234476 -0.298583 -0.088857 -0.012799 -0.040318 -0.047493 -0.059467 -0.096377 -0.031992 -0.187529
0.184792 -0.112586 0.132417 0.080493 -0.042520 -0.045054 0.054275 -0.136820 -0.050429 0.063724
0.235958 -0.199285 0.239419 -0.169968 0.168906 0.053541 0.144965 -0.009406 -0.144492 0.172033
0.235543 0.285851 0.098204 0.014097 0.021286 -0.132631 0.079663 0.024760 0.150377 -0.041941
0.137713 0.045124 -0.088399 -0.078715 0.053165 0.044845 0.048361 0.076715 -0.064540 -0.031829
0.218077 0.092239 -0.193292 0.135379 -0.066127 -0.014912 0.038017 -0.048429 0.169568 -0.198680
0.217751 -0.186614 -0.053305 0.117886 -0.157166 -0.006234 -0.230322 0.142136 -0.143630 0.082577
0.216196 0.067657 -0.139398 0.022826 -0.012401 -0.058074 -0.038392 -0.246030 -0.236800 -0.008947
0.214125 -0.033330 0.051472 0.008427 0.139544 0.047902 0.026021 0.212631 0.019701 0.006589
0.199171 0.119422 -0.024969 0.167630 0.048304 -0.204123 0.060125 -0.039560 -0.105225 0.165027
0.213950 -0.031967 -0.195991 -0.207387 0.164317 0.067170 0.173459 -0.001700 0.141521 -0.007740
0.200265 0.252591 -0.083190 -0.176405 -0.195638 0.221660 0.007305 0.161842 -0.018117 0.097081
0.239327 0.238385 0.266755 -0.046279 0.241957 -0.063418 0.077088 0.099493 0.129811 0.018003
0.269740 -0.059930 -0.108275 -0.196423 0.097561 -0.049650 -0.227501 -0.328212 0.146973 -0.106293
0.227292 -0.130148 0.024770 0.275490 -0.103305 0.076429 0.090710 0.061980 -0.049483 0.003930
0.228097 0.052299 -0.063740 0.108195 0.055905 -0.126898 -0.058880 0.312477 -0.222308 -0.168242
0.175423 -0.020183 0.016188 -0.010529 0.091055 0.020234 -0.245253 -0.057399 0.119451 0.114439
0.273692 0.223740 0.122912 -0.146747 0.160768 0.000426 -0.057398 -0.172132 0.086525 0.105848
0.241062 0.237263 0.070114 0.034626 -0.019035 -0.134377 0.183975 -0.228062 0.002909 -0.183924
0.245683 0.045016 0.143690 -0.062562 -0.165568 0.121501 -0.255308 0.120307 0.197840 -0.058407
0.223331 -0.139918 0.246734 -0.162650 -0.037966 0.204271 0.038975 0.086854 0.027696 -0.235236
0.214502 -0.148862 -0.266185 -0.146173 -0.015207 -0.010886 0.110744 -0.067214 -0.149983 -0.149424
0.221292 0.073608 -0.050815 0.025960 0.225059 -0.006494 -0.078882 0.230085 -0.055180 -0.010424
0.228097 0.114103 -0.078616 -0.116854 0.076612 0.072453 0.090589 0.155177 -0.008658 0.120963
0.206340 -0.156311 -0.029129 -0.101565 0.034010 -0.167968 -0.011777 0.067063 0.178633 0.077587
0.205668 0.029856 -0.133447 -0.135999 0.036411 0.002097 -0.146797 -0.284384 -0.097014 -0.013975
0.185664 0.039192 0.014740 -0.023452 0.195169 -0.150854 -0.026190 0.120982 -0.032399 -0.016883
0.211239 -0.103849 -0.186217 0.071574 0.166212 0.115334 -0.025394 0.052427 0.201521 0.080932
0.207323 -0.202921 0.242066 -0.178278 -0.026945 0.128765 0.080092 0.054185 -0.131041 0.103255
0.231273 -0.247512 0.237179 -0.202005 0.006494 0.017297 0.201877 0.029087 -0.096546 -0.105395
0.206935 -0.238719 0.037253 0.196752 -0.188919 -0.110426 0.016467 -0.022324 0.011925 0.231122
0.265063 -0.210091 0.297254 -0.151634 -0.072590 0.123855 0.010074 0.011185 0.106725 -0.331174
0.278077 -0.053148 -0.044610 0.089728 -0.053578 -0.050741 -0.202884 0.286596 0.004194 -0.238312
0.217523 0.163602 -0.156276 -0.000408 -0.171967 0.222824 -0.054811 0.031899 -0.232911 0.049359
0.228809 -0.164637 -0.059908 0.237927 -0.257277 0.025762 0.237176 -0.194692 0.038517 -0.075083
0.236598 -0.092300 -0.127127 -0.121168 -0.082683 -0.125527 -0.178100 -0.312855 -0.077403 0.005809
0.200565 -0.081134 0.040829 0.134095 0.055033 0.065141 -0.128201 -0.017821 -0.022265 -0.029521
0.223107 -0.221406 0.347747 -0.128277 0.098853 0.071245 -0.045620 0.122238 -0.086916 0.053031
0.215527 -0.002722 -0.220026 -0.060098 -0.057449 -0.051527 0.073059 0.144453 -0.045485 -0.080077
0.142926 0.094624 -0.033320 0.054285 0.135842 0.001182 -0.065250 0.128824 -0.012250 -0.079566
0.208552 0.083555 -0.063174 0.031041 0.027310 -0.159112 -0.002687 -0.023665 -0.168965 -0.026546
0.171782 -0.007746 -0.168569 -0.046871 0.109482 0.036991 0.081298 0.089346 0.135401 0.138017
0.271668 0.236464 0.204321 0.186174 -0.203228 0.015817 0.195191 -0.056013 0.147771 0.014644
0.234451 -0.111354 0.038847 0.120719 -0.175702 -0.032707 0.117535 -0.050085 0.193073 0.084448
0.260978 0.141792 0.385577 0.084844 0.089917 -0.049252 0.091001 -0.167522 -0.009288 -0.095599
0.161366 -0.016737 0.134843 -0.053471 -0.126247 -0.029383 -0.147528 -0.081117 0.073218 -0.109888
0.177765 -0.227979 0.207413 -0.220369 0.001399 0.084077 0.137851 0.020835 -0.048734 0.005799
0.141493 -0.005507 -0.044279 -0.051460 0.057786 0.006657 0.031239 -0.004718 0.049218 0.059717
0.214320 0.202021 -0.053186 -0.086493 -0.154461 0.258773 -0.023460 0.118545 -0.100188 -0.040657
0.214765 -0.002256 -0.051031 -0.035097 0.012199 -0.077416 -0.104492 -0.014731 0.115158 -0.034464
0.234727 0.262142 -0.087735 -0.265201 -0.264414 0.121602 0.077239 0.235163 -0.000855 0.166730
0.256290 0.054666 -0.176168 -0.127942 0.263154 -0.057021 0.079465 -0.319013 -0.126994 0.182269
0.195205 -0.086422 0.173797 -0.087664 0.132978 -0.079948 -0.066037 -0.065314 -0.066973 0.022679
0.249361 -0.070527 0.255584 0.300149 -0.184090 0.140035 0.074176 -0.126303 0.030185 -0.008695
0.184909 -0.010369 -0.170397 -0.094333 -0.152932 -0.085253 0.120571 0.031430 0.057347 -0.031681
0.199951 0.156766 -0.096336 -0.011615 -0.151600 -0.105471 0.001058 0.121754 0.278289 0.076288
0.227073 -0.188388 0.276752 -0.044580 0.090808 0.111186 -0.003010 0.006587 -0.127005 0.034828
0.271881 -0.256759 -0.054271 -0.305745 -0.037881 -0.032681 0.258629 0.100910 -0.018856 0.008972
0.233585 0.280163 0.127094 -0.088339 -0.018717 -0.068633 -0.033828 -0.228411 0.006550 -0.130272
0.213715 -0.158824 -0.156579 -0.054519 0.035426 -0.019467 0.061983 0.139150 -0.214442 -0.229153
0.193284 0.002458 -0.085967 0.045606 0.126913 0.251135 -0.251206 -0.009769 -0.045572 0.117954
0.242946 -0.007547 0.037526 0.007406 -0.015922 0.093487 -0.301119 -0.083871 0.345521 -0.132351
0.257077 -0.032790 0.027437 -0.171538 -0.095471 -0.033064 -0.235871 -0.218416 -0.102888 0.304253
0.223228 0.047849 0.131372 0.017280 0.024591 -0.101250 -0.133274 0.026692 0.262928 -0.146808
0.234879 -0.048079 -0.018329 0.217804 0.245750 0.166405 0.029864 -0.043882 0.016774 -0.063469
0.199273 0.031873 -0.107398 0.248688 0.154682 0.143400 -0.093437 0.042778 0.065763 -0.001288
0.279204 -0.087354 0.122637 0.177257 -0.221341 -0.013614 -0.045328 -0.147242 0.088409 -0.107770
0.308072 0.410243 0.242549 -0.078126 -0.136174 0.358405 -0.104465 -0.053390 0.054800 -0.145724
0.213274 -0.101606 -0.070808 -0.156568 0.176844 0.046043 -0.000168 -0.076066 0.098842 -0.002432
0.162563 -0.103679 0.104652 0.245760 -0.179899 0.024131 0.217888 -0.005790 0.035179 0.067941
0.193148 0.011688 -0.057312 -0.025973 0.113334 -0.056888 0.055640 -0.046004 -0.009665 0.203096
0.176251 0.085230 -0.022299 -0.030771 -0.022322 -0.081492 0.152852 -0.169902 -0.035612 -0.024345
0.232896 -0.228283 -0.023191 0.003336 -0.125568 -0.133454 -0.056379 0.093438 -0.032449 -0.109955
0.236256 -0.093955 0.011475 0.207459 -0.181318 0.014464 0.177551 -0.079322 0.113668 0.027358
0.188913 -0.268800 0.140725 -0.138725 0.009527 0.068654 0.076851 0.129106 -0.034837 -0.099268
0.225261 -0.104833 0.085938 0.020963 0.074367 -0.047566 -0.020238 -0.299844 -0.053268 0.058558
0.253811 -0.038805 -0.236050 -0.049851 0.017757 -0.097944 0.134154 -0.191460 -0.020819 -0.027316
0.211709 0.034109 0.009228 0.051479 0.062487 -0.116122 -0.047017 0.208617 -0.120707 -0.116295
0.276523 0.414109 0.091094 -0.194557 0.053948 0.146189 0.173387 -0.056196 -0.124258 0.078754
0.204130 0.074471 -0.189913 -0.051279 0.126093 -0.001726 -0.048446 -0.112035 0.027794 0.014549
0.235562 -0.283427 0.169505 -0.200848 -0.003256 0.067016 -0.040183 -0.112853 -0.192105 0.221625
0.245382 0.028867 -0.162473 0.088303 0.058320 0.133631 -0.198385 -0.184664 0.198104 -0.038908
0.244238 0.133947 0.011270 -0.055022 0.015279 0.191574 -0.091358 0.195444 -0.195777 0.043662
0.286539 0.232433 -0.199794 -0.047945 -0.249523 0.129028 -0.233969 -0.225845 -0.095250 -0.021827
0.252740 -0.271458 0.062853 0.252026 -0.165234 -0.122556 0.127704 0.152419 0.059039 0.080861
0.230678 -0.014046 -0.127194 0.056630 -0.164045 0.021908 -0.351197 -0.058996 -0.277738 -0.016650
0.156559 0.004412 -0.179045 -0.102599 0.031706 0.118541 0.211224 0.033277 -0.008331 -0.106744
0.238621 0.044435 0.051115 0.343471 -0.121237 -0.134497 0.279620 -0.134397 -0.158812 0.123894
0.227591 0.043389 -0.226852 0.017059 -0.037358 -0.070978 -0.031308 0.082886 0.300331 0.045595
0.260779 0.288995 0.032059 -0.001551 0.049711 -0.189283 0.013818 -0.013271 0.110741 -0.176709
0.182814 -0.148970 0.152228 -0.028754 -0.022830 -0.095571 -0.048326 -0.068085 0.064203 -0.070900
0.213274 0.093315 -0.081709 0.052494 -0.089024 -0.124184 -0.069325 0.061865 0.060500 -0.112469
0.265898 -0.308941 0.396557 0.018113 -0.119067 0.099669 0.249651 -0.020264 -0.043002 0.055372
0.241273 0.193837 0.172723 -0.053227 0.046763 -0.054777 0.182067 -0.085189 0.146643 -0.156220
0.233073 0.008268 -0.013594 0.219633 0.280391 0.319266 -0.209167 0.064266 0.017720 0.104789
0.288049 0.201054 0.031048 -0.170996 0.123850 -0.013850 -0.152995 -0.294825 0.207353 -0.059865
0.243127 -0.064874 0.141942 0.252465 0.025294 0.202626 0.008703 0.036365 0.074941 0.224872
0.241352 -0.118680 -0.293600 -0.188944 -0.064485 -0.059346 0.128814 -0.111533 0.034604 -0.092459
0.272301 -0.009998 -0.105286 0.059392 0.111439 0.139322 -0.216504 0.141118 0.008014 -0.123719
0.240086 -0.290969 -0.063760 0.085301 -0.061218 0.049700 -0.147428 -0.056411 -0.281120 0.056208
0.263436 -0.215046 -0.342441 -0.056507 0.015514 -0.027079 0.229945 0.149771 0.092903 -0.107122
0.258785 -0.246274 0.136274 0.243514 -0.119681 0.085134 0.056668 -0.287711 -0.159302 0.319255
0.187588 0.063380 -0.088503 0.047675 0.011379 0.018865 -0.099568 -0.043275 0.074670 0.068746
0.241674 0.016491 -0.084328 0.085191 0.152568 -0.032854 0.056438 -0.120126 -0.331749 0.307724
0.200772 -0.056389 0.080959 0.017633 -0.087836 0.034768 -0.111150 0.001734 0.043453 -0.362915
0.222132 -0.013056 -0.050144 0.225545 -0.233994 0.055611 0.195767 0.014387 0.184824 0.194421
0.240297 -0.064760 -0.255485 -0.084356 -0.102270 -0.078230 0.058263 0.023094 -0.122648 -0.080226
0.146251 -0.032672 0.149411 0.041987 0.000485 -0.074482 -0.130811 -0.037905 -0.055642 0.113954
0.207978 0.008570 -0.139035 0.194395 0.160314 0.108926 0.090097 0.039753 0.268237 0.085171
0.208638 0.070370 -0.057741 -0.004428 -0.078950 -0.068049 -0.104970 -0.142490 -0.081522 -0.032387
0.249074 -0.055320 0.009984 -0.128629 -0.181968 -0.163543 -0.292279 -0.248766 0.176377 0.091002
0.245443 0.117744 -0.209613 -0.016347 0.022595 -0.141794 -0.011250 -0.270598 0.051244 -0.068170
0.252721 -0.005226 0.093935 -0.285821 -0.250960 0.241630 0.060585 0.142740 -0.133840 0.078371
0.239134 -0.155251 -0.242869 -0.073990 0.117870 0.027999 0.159921 0.100470 -0.177501 -0.118948
0.160408 0.035761 0.020421 0.018959 0.025748 -0.171684 -0.082822 0.145425 -0.083440 0.038741
0.298270 0.170973 0.190306 -0.098846 -0.170756 0.121660 -0.309559 -0.163688 -0.079563 -0.055627
0.211537 0.047790 -0.013872 0.192953 0.161198 0.050032 0.214184 -0.003429 -0.050905 0.022631
0.199571 -0.017776 0.004191 0.183371 0.032894 0.015203 -0.140140 -0.136044 -0.184494 0.128371
0.161343 -0.083542 -0.156720 0.001835 -0.029584 -0.137511 0.068023 0.156610 0.158006 0.171458
0.227220 -0.063474 -0.165057 -0.205183 -0.015242 -0.020946 0.070806 -0.193643 -0.081613 -0.062448
0.254431 -0.014359 0.023190 0.075485 0.265346 0.173625 -0.130461 -0.120572 0.035451 0.134207
0.172629 0.110752 -0.019869 -0.121801 -0.048254 0.009010 0.016959 0.110873 0.050291 0.070430
0.215326 -0.051249 -0.059259 0.228862 -0.129221 0.022318 0.216740 0.025800 0.184607 0.211298
0.242070 0.235543 0.006357 -0.197058 -0.162039 0.324062 -0.061616 0.166650 -0.006059 0.163620
0.252653 0.174155 -0.183253 -0.032361 -0.139144 0.318809 -0.174888 0.063728 -0.230020 0.067838
0.187012 0.006347 0.052144 0.054250 0.098182 0.056740 -0.134557 0.156564 0.039419 0.135245
0.234439 -0.053036 0.019841 -0.003657 0.056709 -0.205794 -0.118188 -0.197980 -0.145816 0.066798
0.183029 -0.099254 0.160759 -0.244420 -0.044189 0.044843 -0.033281 -0.119948 -0.074438 -0.021711
0.241816 0.113196 -0.028173 -0.058466 -0.162116 0.021612 -0.354255 0.034342 0.008030 0.115561
0.210418 -0.028990 0.031332 -0.074501 -0.202213 0.013706 0.004904 0.176625 0.008030 0.145034
0.167169 0.027142 -0.034756 0.088281 -0.196674 0.015926 -0.175116 0.207521 -0.014220 0.029991
0.184035 -0.038359 -0.088512 0.036408 0.009917 -0.060964 -0.021603 0.059184 0.095900 0.032871
0.233241 -0.127279 -0.161590 0.098141 0.116573 0.162196 0.016177 -0.097202 0.159079 -0.194180
0.302911 -0.249019 0.100510 0.059193 0.271936 0.212204 0.081755 0.235357 0.135941 0.012016
0.171058 -0.062861 0.011855 0.124715 0.008359 0.160407 0.072100 -0.049639 -0.091219 -0.092801
0.222550 0.027599 0.068050 -0.256860 -0.106049 -0.182867 -0.007260 0.161898 0.140928 0.208193
0.189613 -0.187297 0.136946 0.037873 0.032551 0.087511 -0.047189 -0.193563 -0.199406 0.168722
0.222912 0.235757 -0.013395 -0.010589 -0.095247 -0.044570 0.088528 0.043821 -0.287129 0.036681
0.236937 0.147490 -0.159867 -0.013556 -0.223989 0.199681 -0.010185 0.061760 -0.192568 -0.014034
0.231755 0.070888 -0.174917 -0.097090 0.215215 0.018522 0.113119 -0.075131 0.024641 0.184245
0.173300 -0.023345 0.008757 -0.189786 0.034950 -0.097838 0.145402 0.079846 0.003990 0.035710
0.230375 -0.018110 -0.213475 -0.013856 0.037324 -0.009587 -0.100786 0.109905 0.201020 0.094630
0.260913 -0.118858 0.149121 -0.045790 0.030965 -0.132970 0.012577 0.166821 -0.080599 -0.144258
0.166377 -0.064037 0.073575 -0.088610 0.055788 0.041043 0.190785 0.047220 -0.049857 -0.022853
0.160132 0.075932 -0.114589 0.097638 0.125295 0.253784 0.040078 0.002273 0.161248 -0.012518
0.226123 -0.012283 0.166850 0.248126 -0.286962 0.184912 0.081136 -0.062943 0.099161 -0.103944
0.228935 -0.177636 0.105131 0.112027 0.162964 0.146641 0.003763 -0.015257 0.182508 -0.131961
0.211943 0.257745 0.136515 0.069214 0.079925 -0.146699 0.133634 -0.190630 0.026904 -0.099175
0.204461 -0.185595 -0.056501 -0.062320 -0.036805 -0.222867 -0.127528 0.075811 0.218135 -0.016157
0.247943 0.287424 0.286588 0.068056 0.237510 -0.083874 -0.016568 0.092926 0.058944 -0.077477
0.265700 0.029476 -0.023725 0.121791 0.217307 -0.118992 -0.194991 0.206477 0.056862 -0.055221
0.200890 -0.200630 -0.113126 0.015109 0.010082 -0.179589 -0.084919 0.049834 0.068278 0.201007
0.232320 -0.127699 -0.332632 -0.269282 0.007807 -0.053608 0.177260 -0.139882 -0.077784 -0.105457
0.139075 0.015754 -0.002167 0.048645 0.059547 -0.092288 -0.020178 0.051788 -0.117734 0.006423
0.220445 0.198593 -0.121880 -0.112810 -0.033794 0.328776 0.065936 0.100883 -0.074986 -0.073390
0.239786 0.071588 0.136178 -0.015201 0.015787 -0.148622 -0.086264 0.319418 -0.095964 -0.067222
0.160110 -0.141540 0.256266 -0.126128 0.049181 0.003538 0.073210 0.033706 -0.088299 -0.002666
0.186685 -0.021998 -0.128767 -0.059506 0.107237 -0.023685 0.019102 -0.097064 0.041591 0.099926
0.213183 -0.039476 -0.196238 -0.058059 0.044139 -0.067729 -0.014792 -0.052186 -0.106035 -0.224740
0.234813 -0.065423 -0.014939 -0.021307 0.297652 -0.071779 0.035955 0.193451 -0.024988 0.280669
0.174152 0.046885 -0.040321 0.110700 -0.044285 0.054444 -0.218991 0.185586 -0.040688 -0.039795
0.176959 -0.018404 0.154773 0.018791 0.104074 -0.092785 -0.077318 0.097284 -0.146487 -0.028450
0.253213 -0.239814 0.161278 -0.263486 -0.036075 0.069798 0.017009 -0.076122 -0.069679 0.160759
0.209240 -0.197407 0.234555 -0.250531 -0.000036 0.082025 0.166225 0.043739 -0.145500 -0.029091
0.156419 0.023754 0.018468 0.065369 -0.124175 -0.004202 -0.102607 0.115887 0.000929 -0.011372
0.278223 -0.126117 -0.099607 0.413595 -0.059246 0.143272 0.260411 -0.027861 0.268775 0.053301
0.211818 -0.184684 -0.191488 -0.106179 0.041036 0.027265 0.190421 -0.004598 0.055020 -0.209281
0.180134 0.085961 -0.092658 0.007926 0.057871 0.216741 -0.103307 0.021147 0.046029 0.039603
0.209542 0.122989 0.212365 0.049110 0.088313 0.027919 0.093130 -0.160788 0.080450 -0.179731
0.220500 -0.023450 -0.227810 0.128014 0.156631 0.147719 0.173438 -0.025103 0.124473 -0.143440
0.252294 0.229353 0.017370 -0.030454 0.265846 -0.007909 0.177909 -0.136041 0.127162 0.056802
0.203892 -0.035771 -0.003952 0.028470 0.279165 -0.012526 -0.129835 0.108837 0.222122 0.102747
0.163974 0.039311 -0.059989 -0.076371 -0.076735 -0.017655 0.015161 -0.031218 0.007582 0.209098
0.213061 -0.043986 0.035495 0.146730 0.020859 0.002635 -0.013680 -0.165518 -0.289335 0.033165
0.254181 -0.123110 0.307022 -0.083146 0.006377 0.054088 0.025795 0.132409 -0.064017 -0.260064
0.195339 0.021224 -0.066458 -0.022037 0.062571 -0.007422 0.065662 0.113487 -0.121899 -0.093928
0.205082 0.229499 0.192513 -0.111154 0.031449 -0.083396 0.085698 0.014380 0.172375 -0.036063
0.175388 0.013709 0.000920 0.044741 0.201784 0.101262 0.005612 0.136805 -0.015367 -0.079704
0.187662 0.000337 -0.088431 0.000068 -0.089736 -0.053133 -0.064155 0.124990 0.065080 -0.064157
0.221501 -0.100656 -0.031551 0.171875 0.157674 0.109161 0.037219 -0.053411 0.194219 -0.185788
0.237482 0.043475 -0.224583 0.183212 0.061394 0.064866 0.036978 0.064180 0.350814 0.001050
0.236501 -0.202346 -0.263498 -0.131770 0.092990 0.055998 0.179574 -0.149533 0.059705 -0.244708
0.257051 -0.101741 0.185637 0.246971 -0.347241 0.020347 -0.045757 0.009611 0.157094 -0.025144
0.170750 -0.142466 -0.016451 -0.053790 -0.035267 -0.098518 -0.010103 0.194650 -0.074629 0.055670
0.231896 0.130143 0.205301 -0.136174 0.042728 -0.184506 0.053910 -0.087914 0.234321 -0.120883
0.249821 0.109105 0.045539 0.031228 0.177037 0.154957 -0.310092 0.005073 0.068335 0.136042
0.156273 0.006414 -0.012385 0.097996 0.041207 -0.126091 0.035262 0.094591 -0.010150 -0.159905
0.269763 -0.061356 0.266665 -0.064580 -0.049251 -0.126886 -0.045121 -0.163716 0.006058 -0.158962
0.182662 -0.028663 0.124620 0.039474 0.060257 0.084051 -0.141260 0.040010 -0.058851 0.113025
0.213845 -0.179697 0.361469 -0.109629 0.177894 0.086214 0.010132 0.138780 -0.054327 0.063361
0.253328 0.253819 -0.164098 -0.159449 -0.103200 0.236947 -0.089435 -0.118663 -0.076191 -0.074212
0.189231 0.111523 -0.048122 0.180750 0.065675 -0.202622 0.033767 -0.070482 -0.111522 0.146180
0.210549 -0.032543 -0.012134 -0.100567 0.075155 -0.076055 0.128181 -0.163745 0.003842 0.069790
0.208147 0.026138 -0.037113 -0.064643 0.002490 0.153731 -0.013510 -0.006354 0.014194 0.209928
0.256718 0.142041 -0.095937 -0.035942 -0.037907 0.036475 -0.013342 0.218251 -0.209502 -0.075209
0.272622 0.115443 -0.024393 0.243639 -0.316242 0.111306 0.294229 -0.045802 -0.186008 0.083046
0.203910 -0.166498 -0.095911 -0.002675 0.015808 -0.044140 0.010006 0.106899 0.119189 -0.124367
0.226614 0.059975 -0.031531 -0.055776 0.001920 0.141176 0.072844 0.079497 0.177875 0.115465
0.197684 0.020241 -0.041553 0.080182 -0.007549 -0.028299 0.062524 0.104774 0.080590 -0.083305
0.151127 -0.047230 0.044548 0.123803 0.071264 0.044874 0.024022 -0.050886 -0.094746 0.045531
