2   0.232999   -0.046469   -0.011137   0.145472   0.19819   0.352905   -0.063894   -0.042574   0.084366   0.04804   0.537385
3   0.222578   -0.020073   -0.0140243   0.200839   0.0934293   0.183771   -0.0548723   -0.103931   0.123531   -0.035174   0.549788
1   0.211239   -0.103849   -0.186217   0.071574   0.166212   0.115334   -0.025394   0.052427   0.201521   0.080932   0.186689
2   0.226871   -0.0753645   -0.1947   0.113078   0.136602   0.154958   0.0948075   -0.0611525   0.141776   -0.16881   0.449552
1   0.243127   -0.064874   0.141942   0.252465   0.025294   0.202626   0.008703   0.036365   0.074941   0.224872   0.246484
2   0.234894   0.008466   0.0346635   0.235514   0.144134   0.0657145   0.191142   -0.0136205   0.0164825   0.0930565   0.399183
5   0.213122   0.0339046   -0.12549   -0.0275296   0.170317   0.0162628   0.0882918   -0.0612494   -0.0053236   0.196404   0.842173
1   0.241674   0.016491   -0.084328   0.085191   0.152568   -0.032854   0.056438   -0.120126   -0.331749   0.307724   0.31977
3   0.228257   0.241625   0.126379   -0.058722   0.0130757   -0.129879   0.098103   0.00440133   0.182577   -0.019782   0.603234
2   0.228285   0.231273   0.12022   -0.113857   0.12119   -0.0149775   0.021037   -0.115723   0.0386435   0.097584   0.37897
2   0.251655   0.404506   0.0662505   -0.16634   0.0080175   0.150763   0.104166   -0.04801   -0.0793715   0.0192985   0.632596
1   0.246343   0.135097   -0.274751   -0.165944   0.008152   0.199012   0.125016   -0.032157   -0.125035   0.04573   0.256022
5   0.223118   0.224673   -0.0988106   -0.167292   -0.139606   0.179475   0.0499608   0.0133034   -0.0606138   0.139981   1.20357
2   0.198558   0.163781   -0.0501755   -0.160031   -0.120506   -0.01666   0.0483395   0.157649   0.114827   0.202127   0.410856
5   0.182868   0.0569594   -0.0479732   -0.0862258   0.0023798   0.0448392   0.0280876   0.044752   0.0225254   0.134027   0.464547
6   0.175233   -0.015217   -0.107106   -0.08885   0.177322   0.0717283   0.117094   0.00217683   -0.0397708   0.0658305   0.808126
1   0.179552   -0.019934   -0.247159   -0.09615   0.081431   0.04758   0.159389   -0.079071   -0.013678   -0.092133   0.152196
1   0.219654   -0.019871   -0.134198   -0.115389   0.137563   -0.12442   0.146464   0.113436   -0.107253   -0.120425   0.174695
1   0.240463   0.115648   -0.194068   -0.075988   -0.164369   0.240164   -0.117023   -0.05335   0.068302   -0.018362   0.220872
1   0.218816   0.167007   -0.048412   -0.105231   -0.150367   0.255897   0.057574   0.036403   -0.000903   -0.100207   0.191965
1   0.183607   0.094486   -0.232976   -0.172157   -0.063331   0.236721   0.152944   0.049713   -0.137517   -0.160409   0.257108
2   0.252154   0.0086055   0.0799565   -0.321791   -0.214754   0.200054   0.113295   0.137029   -0.130424   0.071111   0.642028
1   0.266078   -0.090135   0.195489   -0.256069   -0.161407   0.060306   -0.008537   0.224962   -0.010246   -0.008064   0.263249
1   0.223331   -0.139918   0.246734   -0.16265   -0.037966   0.204271   0.038975   0.086854   0.027696   -0.235236   0.26512
1   0.22933   -0.031805   0.017734   -0.066876   0.197637   -0.140469   -0.026774   -0.034104   0.268001   0.039045   0.192412
1   0.231161   0.114714   0.004765   -0.096799   0.138385   0.12871   0.012066   0.276286   0.073395   0.061845   0.197395
3   0.200166   -0.0702033   -0.116029   0.0332687   0.025502   0.0215613   -0.0742527   0.203332   0.0618793   0.114926   0.43926
1   0.169669   -0.125433   0.062753   -0.147005   0.109522   -0.056946   -0.064166   -0.054675   0.178832   0.130274   0.141366
2   0.166563   -0.045644   -0.162645   -0.022518   0.039949   -0.05026   0.0746605   0.122978   0.146704   0.154738   0.286388
8   0.190413   0.0437564   -0.0939814   -0.0667743   -0.00179487   -0.010064   0.0492024   0.0510455   0.148015   0.123598   0.986376
1   0.219991   0.047271   -0.061877   -0.011982   -0.047291   -0.224837   -0.032033   -0.11596   0.04378   0.197603   0.162828
1   0.216196   0.067657   -0.139398   0.022826   -0.012401   -0.058074   -0.038392   -0.24603   -0.2368   -0.008947   0.192956
2   0.169656   0.0665285   -0.0326965   -0.0125105   0.0619685   -0.091126   0.113805   -0.149375   -0.0666595   0.020992   0.199451
5   0.172312   -0.069272   -0.134165   -0.0247746   -0.0897414   -0.0550264   0.0613386   -0.0250018   0.0776954   -0.078142   0.51517
6   0.187827   -0.00914583   -0.0600473   -0.00484567   0.0222453   -0.0596497   -0.103331   -0.0524455   0.140816   0.0229295   0.612029
4   0.227454   -0.0702875   0.0573608   -0.00868425   -0.156122   -0.0766083   -0.175038   -0.0570983   0.0467305   -0.209193   0.768738
1   0.293533   0.052188   0.018012   0.059966   -0.062754   -0.119969   -0.276628   0.050695   0.252557   -0.302492   0.345516
3   0.215369   0.0198213   0.085306   0.001973   0.00437933   0.00452033   -0.189062   -0.042359   0.279475   -0.148004   0.637565
2   0.260489   0.0329445   0.105951   -0.0703305   -0.121028   0.0970625   -0.265243   0.071123   0.166796   -0.0482225   0.44551
4   0.241725   0.0183795   -0.162569   0.134441   -0.0446747   -0.275524   0.00058275   0.0676922   0.126169   0.0264033   0.882755
1   0.262817   0.081131   -0.116226   0.173012   0.010659   -0.220153   0.032535   0.07438   -0.000248   -0.232237   0.228203
2   0.211402   0.139226   -0.086769   -0.0484915   -0.20504   -0.0992245   -0.0283255   0.164263   0.283479   0.133017   0.52476
2   0.216627   0.08015   -0.207095   -0.007095   -0.032119   -0.0718975   -0.0555115   0.044939   0.225986   0.0513855   0.342724
1   0.217712   -0.110033   -0.150331   0.03547   -0.13827   -0.172389   -0.171357   0.224708   0.064366   0.108025   0.227869
4   0.19614   0.0389863   -0.109962   0.0338178   0.00939675   -0.00548925   -0.052209   0.0369317   0.113363   0.055565   0.378261
12   0.189401   0.0509905   -0.069888   0.047226   -0.0423608   -0.108487   -0.0160638   0.0716408   -0.00471417   -0.0997829   1.25453
1   0.241864   0.057332   -0.182733   -0.220815   -0.038714   -0.066613   0.158872   0.239022   -0.033547   -0.010615   0.233482
2   0.180092   0.0514735   -0.125942   0.0915   0.0422565   0.063471   -0.199715   0.208348   -0.069422   -0.0342065   0.33881
6   0.2155   0.0630277   0.0046125   0.0534807   0.0695755   -0.0920248   -0.0841888   0.223838   -0.133531   -0.0953525   1.0658
1   0.2657   0.029476   -0.023725   0.121791   0.217307   -0.118992   -0.194991   0.206477   0.056862   -0.055221   0.23518
1   0.278077   -0.053148   -0.04461   0.089728   -0.053578   -0.050741   -0.202884   0.286596   0.004194   -0.238312   0.275747
1   0.26061   -0.258172   0.119284   -0.071471   -0.048021   -0.027579   0.022083   0.25783   -0.198225   -0.233182   0.317605
1   0.206667   -0.035575   0.303234   0.031168   0.285354   -0.102911   -0.039585   0.147291   0.036568   0.068645   0.258228
3   0.218543   -0.0709377   0.162865   0.00599033   0.088347   -0.120992   -0.0374197   0.133578   -0.0888097   -0.122243   0.478692
1   0.237272   -0.219532   0.237842   0.06622   -0.040115   0.011759   -0.239191   0.007091   -0.062973   -0.138361   0.247566
1   0.164035   -0.022692   0.26162   0.049821   -0.044263   0.091711   -0.096693   -0.02779   0.040136   -0.157433   0.145238
2   0.188389   -0.014231   0.112619   0.0557475   -0.0755815   0.000632   -0.101103   0.0426215   -0.070057   -0.178647   0.224301
9   0.164946   0.0477219   -0.0323367   0.0367814   0.0586123   -0.061847   -0.0150226   0.0721967   -0.0725391   -0.0320074   0.730701
4   0.210301   -0.0452423   0.0003345   0.190644   0.169904   0.132672   -0.0696628   0.003394   0.043752   -0.0226393   0.645386
2   0.237742   -0.041405   0.211217   0.274138   -0.235526   0.162474   0.077656   -0.094623   0.064673   -0.0563195   0.586917
7   0.182989   -0.0336837   0.144598   0.0205871   0.126319   -0.0955449   -0.0607116   0.000235429   -0.093536   0.0694897   0.858061
1   0.245443   0.117744   -0.209613   -0.016347   0.022595   -0.141794   -0.01125   -0.270598   0.051244   -0.06817   0.21955
4   0.24207   0.219668   -0.0992273   -0.14754   -0.103065   0.139201   -0.0466168   -0.105206   -0.136914   -0.0444203   0.906617
1   0.286539   0.232433   -0.199794   -0.047945   -0.249523   0.129028   -0.233969   -0.225845   -0.09525   -0.021827   0.372552
1   0.29827   0.170973   0.190306   -0.098846   -0.170756   0.12166   -0.309559   -0.163688   -0.079563   -0.055627   0.340188
5   0.216837   -0.0043216   -0.0693796   -0.0846448   -0.0443212   -0.0992678   -0.165264   -0.326697   -0.106956   -0.0336744   1.20418
4   0.206369   0.0964558   -0.028103   0.024192   -0.027153   -0.0654625   -0.197612   -0.186017   -0.0448433   0.0261477   0.62819
1   0.240281   0.013041   0.074204   0.064451   -0.128253   0.052567   -0.239313   -0.282736   0.127659   -0.165269   0.267598
1   0.260779   0.288995   0.032059   -0.001551   0.049711   -0.189283   0.013818   -0.013271   0.110741   -0.176709   0.23471
5   0.23685   0.267512   0.111869   0.0052098   0.0222644   -0.109681   0.131296   -0.19087   0.0561114   -0.143324   1.28486
2   0.300485   0.413628   0.227419   -0.089353   -0.170108   0.261068   -0.0654285   -0.064676   0.0635345   -0.132111   0.922186
2   0.263867   0.261683   0.213361   -0.140514   -0.147818   -0.133364   0.033998   0.133688   0.175066   0.058233   0.619521
5   0.222551   0.243764   0.226465   0.0148642   -0.0031094   0.011224   -0.0050136   -0.083141   0.0819632   -0.12688   1.06156
5   0.243891   0.261608   0.289684   0.0370204   0.240175   -0.0839278   0.0025726   0.0831622   0.0444456   -0.0718374   1.56996
1   0.194437   -0.082168   0.021263   -0.037377   -0.212357   -0.14791   -0.149714   -0.004614   -0.024779   0.041618   0.138161
1   0.264394   -0.238062   -0.238579   0.026984   -0.219105   -0.166892   -0.0736   0.122961   0.194079   -0.000689   0.318289
1   0.25274   -0.271458   0.062853   0.252026   -0.165234   -0.122556   0.127704   0.152419   0.059039   0.080861   0.296921
1   0.230678   -0.014046   -0.127194   0.05663   -0.164045   0.021908   -0.351197   -0.058996   -0.277738   -0.01665   0.304421
5   0.211311   -0.0331226   -0.0550732   0.0892302   -0.012471   -0.0416284   -0.225034   0.0508302   -0.256078   0.027043   1.02594
2   0.192242   -0.0331935   -0.0538365   0.0231165   -0.146651   -0.052801   -0.109358   0.100463   -0.063113   0.069427   0.217971
2   0.227471   0.0917915   0.0068675   -0.0956575   -0.183853   -0.0147865   -0.275679   0.0072735   0.0334625   0.139862   0.426672
9   0.225335   0.192897   -0.123875   -0.0592624   -0.164548   0.23998   -0.0463789   0.102268   -0.128755   0.0174013   2.26029
1   0.225966   0.12729   -0.012898   -0.092471   -0.0542   0.315364   -0.079658   0.036874   -0.037386   -0.008736   0.187552
1   0.234727   0.262142   -0.087735   -0.265201   -0.264414   0.121602   0.077239   0.235163   -0.000855   0.16673   0.375613
1   0.24207   0.235543   0.006357   -0.197058   -0.162039   0.324062   -0.061616   0.16665   -0.006059   0.16362   0.3426
1   0.247083   0.146285   -0.0777   -0.070561   -0.252308   0.087425   -0.088973   0.213478   -0.225724   -0.052861   0.272003
2   0.250478   0.137994   -0.0423335   -0.045482   -0.011314   0.114025   -0.05235   0.206848   -0.20264   -0.0157735   0.401164
2   0.235339   0.197903   0.003057   0.043231   -0.092667   0.035515   0.100296   0.019009   -0.30027   0.0430105   0.441702
1   0.217751   -0.186614   -0.053305   0.117886   -0.157166   -0.006234   -0.230322   0.142136   -0.14363   0.082577   0.224418
1   0.213055   0.060282   -0.085765   0.176531   -0.068806   -0.113687   -0.048783   0.145604   -0.23748   -0.084205   0.192272
5   0.158226   0.0267858   -0.0570846   -0.0111694   0.011256   0.158501   -0.0975666   0.0446322   0.0336642   0.101405   0.483959
4   0.192575   -0.0517088   0.0281877   0.0630453   0.0378988   0.107388   -0.132848   0.094813   -0.015532   0.026795   0.440816
9   0.151497   0.0199987   0.00117133   0.0340539   0.0562322   -0.0173272   -0.0463384   0.0247833   -0.0951051   0.0575913   0.66018
1   0.146251   -0.032672   0.149411   0.041987   0.000485   -0.074482   -0.130811   -0.037905   -0.055642   0.113954   0.086721
1   0.199571   -0.017776   0.004191   0.183371   0.032894   0.015203   -0.14014   -0.136044   -0.184494   0.128371   0.163765
2   0.25237   -0.054515   0.0150055   -0.058475   0.210663   -0.171852   -0.171932   -0.183424   -0.175851   0.190242   0.572476
1   0.213205   -0.006584   -0.069389   -0.136476   0.097181   -0.086593   0.057235   0.010758   -0.178632   -0.058992   0.124664
1   0.214234   0.027408   0.056716   0.03768   0.148916   -0.202948   -0.016562   0.278772   -0.231835   -0.137725   0.265352
3   0.239592   0.0973243   0.054271   0.202994   0.238955   -0.206395   0.025016   0.178905   -0.15187   0.0344187   0.864695
3   0.234604   0.121345   0.0174437   0.148259   0.0970643   -0.296427   0.131969   -0.000850333   -0.236496   -0.082604   0.858155
2   0.199771   0.128137   -0.064544   0.132832   0.0885795   -0.148347   0.122485   -0.026735   -0.110578   0.140877   0.336067
1   0.255868   0.308809   0.162361   0.143456   0.105484   -0.258945   0.125086   0.068016   -0.192463   -0.101958   0.353662
5   0.229152   0.28353   0.142105   -0.0250242   0.0516952   -0.147323   0.167887   -0.0349288   -0.0504158   -0.0624214   1.20405
1   0.35674   0.334266   0.287318   -0.349519   -0.178473   0.094775   0.186403   0.016618   -0.060576   0.01012   0.523341
1   0.235357   0.331845   0.080874   -0.076963   -0.05351   -0.059017   -0.010519   -0.242562   0.070255   -0.044427   0.250181
1   0.295625   0.289062   0.021437   0.096379   0.301123   0.06775   0.146496   -0.001303   0.106615   -0.068959   0.313549
2   0.23526   0.132391   0.298971   0.066977   0.089115   -0.0106665   0.0920655   -0.164155   0.035581   -0.137665   0.488589
3   0.162485   0.0791947   -0.00612367   0.0307477   -0.0325923   -0.173702   0.058287   -0.111602   -0.113718   0.0117757   0.32473
1   0.238621   0.044435   0.051115   0.343471   -0.121237   -0.134497   0.27962   -0.134397   -0.158812   0.123894   0.349108
2   0.172993   -0.0304765   -0.0548015   0.02075   -0.0717445   0.01047   -0.055064   -0.001348   -0.15251   -0.026687   0.164523
2   0.161093   -0.0550455   0.0282015   0.124259   0.0398115   0.102641   0.048061   -0.0502625   -0.0929825   -0.023635   0.162993
2   0.17697   0.038057   0.037339   0.122829   -0.045285   -0.0877805   0.149719   -0.003624   -0.150129   0.0510005   0.232932
1   0.244009   0.014706   0.03507   0.120667   -0.083273   0.233567   -0.399269   0.074681   -0.086719   -0.072222   0.314764
2   0.233152   0.00265   -0.0551765   0.198001   0.248358   0.338353   -0.172173   0.0739445   0.0714665   0.0260945   0.655683
1   0.193284   0.002458   -0.085967   0.045606   0.126913   0.251135   -0.251206   -0.009769   -0.045572   0.117954   0.205201
1   0.245382   0.028867   -0.162473   0.088303   0.05832   0.133631   -0.198385   -0.184664   0.198104   -0.038908   0.230715
2   0.181303   -0.015119   0.132932   -0.0121655   0.111791   -0.111728   -0.099444   0.014491   0.083295   0.0756895   0.226905
2   0.185654   0.022072   0.14773   0.0907645   0.173138   0.127896   -0.175249   0.0396925   0.062897   -0.015116   0.320157
2   0.235097   -0.0528295   -0.0936875   0.218998   0.190831   0.0800325   0.0176535   0.105025   0.078625   -0.228382   0.479986
1   0.272301   -0.009998   -0.105286   0.059392   0.111439   0.139322   -0.216504   0.141118   0.008014   -0.123719   0.202849
2   0.23993   0.016436   -0.160284   0.175048   0.0791925   0.184115   -0.0877315   0.063885   0.096119   -0.172679   0.430892
2   0.233052   -0.0499355   -0.146815   -0.0284415   0.030407   0.154221   0.093046   0.005809   0.0625105   -0.305729   0.448531
1   0.218077   0.092239   -0.193292   0.135379   -0.066127   -0.014912   0.038017   -0.048429   0.169568   -0.19868   0.188368
1   0.189551   0.003337   -0.040342   0.11917   0.056975   -0.05304   0.11004   0.025135   -0.052309   -0.196917   0.112082
1   0.250186   0.0234   -0.019822   -0.201571   -0.032907   -0.133627   -0.109642   0.075419   0.414616   0.11131   0.325109
2   0.227748   -0.0374945   -0.014718   -0.0839765   -0.143763   -0.242732   -0.096831   0.160923   0.100993   0.284095   0.562618
3   0.221963   0.014481   0.0162573   -0.224233   -0.120399   -0.21115   0.00601   0.136631   0.157477   0.204458   0.798791
1   0.232221   -0.068663   0.160163   -0.345875   -0.165455   -0.037759   0.115062   0.196884   0.021195   0.093112   0.293846
1   0.260855   0.125143   0.371991   -0.25314   -0.052418   0.008753   0.198246   0.086168   0.081749   0.006636   0.342441
2   0.267013   -0.289439   0.17544   -0.2567   -0.040525   -0.140704   0.0440795   0.151069   0.111853   0.14376   0.671768
2   0.227911   -0.235854   0.171312   -0.264834   -0.0083145   -0.041492   -0.012571   -0.015318   0.0666675   0.028131   0.462682
1   0.271774   -0.255568   -0.297445   -0.218175   -0.026148   -0.214891   0.102529   -0.029262   0.156179   -0.083467   0.364839
1   0.241352   -0.11868   -0.2936   -0.188944   -0.064485   -0.059346   0.128814   -0.111533   0.034604   -0.092459   0.240696
3   0.229726   -0.217946   -0.0450687   -0.07009   -0.006909   -0.20812   -0.119107   0.037882   0.197954   0.0128243   0.676332
1   0.20549   -0.082697   -0.070652   -0.089531   -0.086342   -0.112383   -0.136462   -0.061889   0.058467   0.045358   0.110085
1   0.236598   -0.0923   -0.127127   -0.121168   -0.082683   -0.125527   -0.1781   -0.312855   -0.077403   0.005809   0.253557
2   0.26281   -0.103324   -0.103827   -0.134157   0.0671685   -0.0683045   -0.190112   -0.27618   0.119474   -0.077771   0.52643
3   0.195833   -0.0540917   -0.0506697   -0.047334   0.0882997   -0.0968793   -0.0928643   -0.106928   0.146449   0.00934533   0.36735
1   0.249074   -0.05532   0.009984   -0.128629   -0.181968   -0.163543   -0.292279   -0.248766   0.176377   0.091002   0.328304
3   0.245712   -0.273248   0.213419   -0.204471   0.04329   0.0470977   0.039153   0.000393333   0.103042   -0.146804   0.842758
8   0.204539   -0.205258   0.192182   -0.17871   0.030298   0.0793969   0.137315   0.0438449   -0.0914006   0.00409625   1.73386
2   0.276311   -0.30651   0.414573   0.05339   -0.121934   0.148543   0.243832   -0.031354   -0.047784   0.078936   0.911431
2   0.265836   -0.259232   -0.0249405   -0.30554   0.0189375   0.043509   0.302796   0.095586   -0.0170285   -0.019037   0.696552
1   0.183029   -0.099254   0.160759   -0.24442   -0.044189   0.044843   -0.033281   -0.119948   -0.074438   -0.021711   0.154407
2   0.269294   -0.227147   0.054107   -0.284194   -0.090632   -0.035208   0.01563   -0.191303   0.0321775   -0.0247235   0.544247
3   0.203483   -0.117861   -0.203465   -0.099546   -0.010499   0.044655   0.184938   -0.0449833   -0.101276   -0.099729   0.549915
8   0.205966   -0.0823044   -0.156849   -0.0856851   0.0287833   -0.0179015   0.0910825   -0.137927   -0.0228624   -0.0521854   1.12861
3   0.200455   0.00664333   -0.110271   -0.0704507   0.102828   -0.033822   0.0329457   -0.124281   0.024409   0.0614217   0.321928
1   0.25629   0.054666   -0.176168   -0.127942   0.263154   -0.057021   0.079465   -0.319013   -0.126994   0.182269   0.346012
5   0.219025   -0.0861552   -0.151808   -0.0878098   -0.0236026   -0.0788516   0.016952   -0.0332242   -0.111403   -0.157287   0.772489
1   0.263245   -0.238292   -0.193259   0.162691   0.005562   0.140158   -0.101563   -0.175725   -0.083873   -0.0332   0.258905
1   0.240086   -0.290969   -0.06376   0.085301   -0.061218   0.0497   -0.147428   -0.056411   -0.28112   0.056208   0.266969
2   0.218038   -0.089681   0.010156   -0.00947   0.07075   -0.12664   -0.158078   -0.168103   -0.165239   0.103831   0.361171
1   0.236991   -0.157201   -0.195837   0.040732   -0.048427   -0.047648   -0.16869   0.235005   -0.046358   0.091101   0.219636
1   0.263436   -0.215046   -0.342441   -0.056507   0.015514   -0.027079   0.229945   0.149771   0.092903   -0.107122   0.332488
1   0.213274   -0.101606   -0.070808   -0.156568   0.176844   0.046043   -0.000168   -0.076066   0.098842   -0.002432   0.134292
2   0.229782   -0.0189415   -0.240366   -0.160512   0.145937   0.021404   0.173874   -0.055054   0.105499   0.015771   0.429623
2   0.22416   -0.193515   -0.227493   -0.118975   0.067013   0.0416315   0.184998   -0.0770655   0.0573625   -0.226995   0.525959
1   0.230289   0.024036   -0.225733   -0.032947   0.016231   -0.003755   0.23052   -0.134745   -0.090431   -0.259856   0.252928
2   0.184322   -0.055266   -0.158411   -0.052382   0.072048   0.14269   0.173818   -0.009837   -0.06084   -0.140638   0.321725
1   0.196489   -0.170267   0.081075   0.066186   0.002416   0.082356   0.202944   -0.110231   -0.09416   -0.065362   0.151816
2   0.226026   -0.0934225   -0.194926   -0.0808755   0.092057   -0.051313   0.164259   0.0994   -0.151199   -0.168263   0.439871
3   0.212771   -0.09101   -0.16159   -0.025939   -0.0247733   -0.0351747   0.052285   0.164132   -0.135891   -0.166215   0.535744
1   0.244958   -0.064218   -0.080879   0.11408   -0.030895   -0.058601   -0.11064   0.27599   -0.078687   -0.32421   0.287788
3   0.199686   -0.194461   -0.0352797   0.02384   -0.0171457   -0.00462667   0.0753537   0.0720933   0.00479467   -0.163626   0.409133
5   0.177923   -0.141121   -0.0790256   -0.013258   -0.0746068   -0.0398474   -0.0169088   0.108662   -0.0519222   0.0402188   0.511642
1   0.213084   -0.111665   -0.049849   -0.061398   0.240251   0.025928   0.094859   0.086498   -0.025541   -0.131694   0.156997
3   0.20609   -0.0104567   0.007681   0.0255833   0.133941   -0.0174193   0.024752   0.14489   -0.0275957   -0.0163823   0.320702
2   0.10795   -0.045518   0.0494505   -0.072581   0.010287   -0.0292425   0.0557325   0.030501   0.026373   0.002441   0.0709868
1   0.255148   -0.033319   -0.1083   -0.037374   0.082555   -0.185681   0.075175   0.021692   -0.128935   0.131122   0.160568
1   0.277774   -0.158918   0.091234   -0.252893   0.133033   0.205463   -0.04121   -0.096951   -0.000343   0.026098   0.246384
1   0.276429   -0.246289   0.256017   -0.069265   0.041436   0.24205   -0.083983   -0.089715   -0.148342   0.158971   0.330098
1   0.235562   -0.283427   0.169505   -0.200848   -0.003256   0.067016   -0.040183   -0.112853   -0.192105   0.221625   0.309766
1   0.257077   -0.03279   0.027437   -0.171538   -0.095471   -0.033064   -0.235871   -0.218416   -0.102888   0.304253   0.314046
1   0.221951   -0.100603   -0.176369   -0.125659   0.046934   0.071088   0.06165   -0.126034   -0.262912   0.082674   0.209179
1   0.205668   0.029856   -0.133447   -0.135999   0.036411   0.002097   -0.146797   -0.284384   -0.097014   -0.013975   0.192855
5   0.202288   -0.171273   0.291084   -0.0809656   0.114429   0.0507156   -0.0089144   0.0578808   -0.0902924   0.0451676   1.0543
1   0.235995   -0.242577   0.019008   -0.029469   0.105868   -0.086967   -0.113891   -0.009753   0.025482   0.184744   0.182384
5   0.186756   -0.120216   0.108151   0.093005   -0.0052768   0.0236782   -0.0269776   -0.133999   -0.170713   0.0575   0.740643
1   0.225261   -0.104833   0.085938   0.020963   0.074367   -0.047566   -0.020238   -0.299844   -0.053268   0.058558   0.173933
1   0.161366   -0.016737   0.134843   -0.053471   -0.126247   -0.029383   -0.147528   -0.081117   0.073218   -0.109888   0.109943
2   0.189009   -0.117696   0.163013   -0.058209   0.055074   -0.0877595   -0.0571815   -0.0666995   -0.001385   -0.0241105   0.226553
2   0.233686   -0.263433   -0.056024   -0.0047315   -0.082943   -0.0904735   -0.057923   -0.0014695   -0.0322205   -0.148742   0.370619
2   0.196783   -0.096198   0.081002   0.0156635   -0.090827   0.0467595   -0.119808   0.05255   0.016108   -0.30304   0.366351
1   0.254181   -0.12311   0.307022   -0.083146   0.006377   0.054088   0.025795   0.132409   -0.064017   -0.260064   0.273835
1   0.265063   -0.210091   0.297254   -0.151634   -0.07259   0.123855   0.010074   0.011185   0.106725   -0.331174   0.367652
1   0.318004   -0.195309   0.260688   0.032533   0.172821   0.331131   0.079031   -0.109629   0.068197   -0.059615   0.374273
1   0.288049   0.201054   0.031048   -0.170996   0.12385   -0.01385   -0.152995   -0.294825   0.207353   -0.059865   0.326038
1   0.241715   0.012707   -0.060051   0.091487   0.447758   0.216691   0.037625   0.065383   0.126401   0.166043   0.367244
2   0.200853   -0.008891   -0.0250865   0.0489495   0.248464   0.042878   -0.018159   0.123999   0.0723685   0.080478   0.292208
2   0.182524   0.0354605   -0.0882755   -0.028108   0.32801   0.0870525   0.034432   -0.015468   -0.003634   0.179589   0.412514
1   0.254431   -0.014359   0.02319   0.075485   0.265346   0.173625   -0.130461   -0.120572   0.035451   0.134207   0.222557
2   0.238724   -0.0492805   -0.0633755   -0.0020415   0.290455   0.0403335   0.0189005   -0.149993   0.130569   0.137801   0.444014
1   0.246472   -0.290557   0.18462   0.051799   -0.245283   0.100013   0.223542   0.024797   -0.074856   -0.04224   0.310079
1   0.258785   -0.246274   0.136274   0.243514   -0.119681   0.085134   0.056668   -0.287711   -0.159302   0.319255   0.440351
2   0.201166   -0.146628   0.135667   0.308381   -0.190646   0.132686   0.175312   -0.163634   -0.057134   0.135776   0.634185
2   0.241853   -0.163022   -0.047948   0.23748   -0.240657   0.003085   0.192201   -0.184005   0.100021   -0.0795635   0.59174
1   0.279204   -0.087354   0.122637   0.177257   -0.221341   -0.013614   -0.045328   -0.147242   0.088409   -0.10777   0.224388
1   0.273991   0.205104   0.157582   0.14167   -0.190291   -0.030964   0.098477   -0.317007   0.073612   0.058375   0.318228
1   0.240709   -0.018365   0.044734   0.0435   -0.125156   -0.089377   -0.144865   -0.329561   0.021799   0.034495   0.217085
1   0.271572   -0.132016   -0.121087   0.085582   -0.312071   -0.140748   0.112874   -0.14619   0.232075   0.059213   0.321841
1   0.234451   -0.111354   0.038847   0.120719   -0.175702   -0.032707   0.117535   -0.050085   0.193073   0.084448   0.176122
9   0.213369   -0.0738717   0.0203832   0.255967   -0.162836   0.026837   0.165582   0.00536511   0.0686019   0.075422   1.90572
2   0.222339   -0.0071035   0.0023855   0.300149   -0.093873   -0.030578   0.100666   -0.003056   -0.224656   0.0853995   0.468156
1   0.206935   -0.238719   0.037253   0.196752   -0.188919   -0.110426   0.016467   -0.022324   0.011925   0.231122   0.242121
1   0.166593   -0.053259   0.043236   0.075896   -0.009089   -0.006691   -0.015663   -0.103674   -0.091277   0.083923   0.0647149
2   0.192146   -0.010409   -0.03963   0.112887   -0.035882   -0.25801   0.142104   0.129659   -0.0473745   0.116908   0.35242
1   0.231404   -0.206155   0.139329   0.20062   -0.253449   -0.079827   0.063922   0.097922   0.118779   0.231495   0.307691
2   0.255754   0.0386045   0.122516   0.12541   -0.28722   -0.025617   0.115185   0.166224   0.094559   0.19202   0.556881
1   0.271668   0.236464   0.204321   0.186174   -0.203228   0.015817   0.195191   -0.056013   0.147771   0.014644   0.310966
1   0.215148   0.147423   -0.032971   -0.033708   -0.12555   0.04795   -0.021773   0.132721   0.050083   -0.115281   0.122194
1   0.236524   0.028135   -0.0039   0.377862   -0.200022   -0.116122   0.290814   -0.057089   -0.025959   0.162716   0.368006
1   0.255216   -0.169076   0.015276   0.28812   -0.285721   -0.039104   -0.158348   -0.028504   -0.054373   0.124622   0.304508
1   0.232156   0.109908   0.009236   0.133888   -0.247503   0.193581   0.149436   -0.042275   -0.096997   0.138164   0.235335
1   0.22234   -0.040349   0.036656   0.179563   -0.113055   0.203833   0.07006   -0.059659   0.029893   0.228197   0.200414
2   0.22273   0.0260225   -0.181809   0.188804   0.110854   0.086896   0.0635375   0.0519665   0.309526   0.0431105   0.505744
2   0.235288   0.001489   -0.0091375   0.364194   -0.097872   0.172336   0.195688   -0.128606   0.201975   0.052414   0.658154
