0.032449
0.029028
0.029738
0.02829
0.034114
0.030336
0.0303
0.032997
0.033389
0.035765
0.031433
0.035706
0.028349
0.035338
0.040022
0.028123
0.031297
0.036727
0.0307
0.0331
0.036592
0.032289
0.032661
0.035619
0.035658
0.031609
0.033464
0.03236
0.031101
0.033942
0.029889
0.03914
0.038728
0.027217
0.033822
0.034317
0.03078
0.028672
0.03434
0.033924
0.027602
0.03419
0.035133
0.03242
0.036732
0.033638
0.0375
0.036404
0.030201
0.033502
0.02875
0.035879
0.034338
0.031738
0.035608
0.032122
0.027839
0.028384
0.030414
0.033612
0.032923
0.03213
0.034876
0.032017
0.032448
0.029824
0.031866
0.030704
0.032031
0.030705
0.028929
0.040339
0.030471
0.030373
0.035656
0.036539
0.035382
0.032451
0.029607
0.02904
0.031281
0.032231
0.029417
0.037946
0.031597
0.031488
0.031623
0.032298
0.032487
0.03216
0.029955
0.030894
0.033164
0.036431
0.038546
0.029572
0.033779
0.032965
0.029182
0.029662
